0                         1
5.9523809523811414E-8     1
1.1904761904762283E-7     1.0000000000000002
1.7857142857143255E-7     1
2.380952380952448E-7      1
2.976190476190554E-7      1
3.5714285714286594E-7     1
4.166666666666765E-7      1
4.761904761904854E-7      1
5.35714285714296E-7       1.0000000000000002
5.95238095238104E-7       1
6.547619047619137E-7      1
7.142857142857226E-7      1
7.738095238095323E-7      1
8.33333333333342E-7       1
8.928571428571509E-7      1
9.523809523809615E-7      1.0000000000000002
1.0119047619047695E-6     1
1.07142857142858E-6       1
1.1309523809523898E-6     1
1.1904761904761978E-6     1
1.2500000000000075E-6     1
1.3095238095238164E-6     1
1.369047619047627E-6      1.0000000000000002
1.428571428571435E-6      1
1.4880952380952447E-6     1
1.5476190476190544E-6     1
1.6071428571428641E-6     1
1.6666666666666739E-6     1
1.7261904761904827E-6     1
1.7857142857142933E-6     1.0000000000000002
1.8452380952381005E-6     1
1.9047619047619102E-6     1
1.96428571428572E-6       1
2.0238095238095296E-6     1
2.0833333333333394E-6     1
2.1428571428571482E-6     1
2.2023809523809596E-6     1.0000000000000002
2.261904761904767E-6      1
2.3214285714285765E-6     1
2.3809523809523863E-6     1
2.440476190476195E-6      1
2.500000000000005E-6      1
2.5595238095238146E-6     1
2.619047619047625E-6      1.0000000000000002
2.6785714285714323E-6     1
2.738095238095243E-6      1
2.7976190476190535E-6     1
2.8571428571428623E-6     1
2.916666666666671E-6      1
2.97619047619048E-6       1
3.0357142857142907E-6     1.0000000000000002
3.095238095238098E-6      1
3.1547619047619084E-6     1
3.214285714285719E-6      1
3.273809523809528E-6      1
3.3333333333333367E-6     1
3.3928571428571456E-6     1
3.452380952380958E-6      1.0000000000000002
3.511904761904765E-6      1
3.571428571428574E-6      1
3.6309523809523845E-6     1
3.6904761904761933E-6     1
3.7500000000000022E-6     1
3.809523809523811E-6      1
3.869047619047622E-6      1.0000000000000002
3.9285714285714305E-6     1
3.988095238095238E-6      1
4.047619047619048E-6      1
4.107142857142859E-6      1
4.166666666666668E-6      1
4.226190476190477E-6      1
4.285714285714289E-6      1.0000000000000002
4.345238095238096E-6      1
4.404761904761903E-6      1
4.4642857142857155E-6     1
4.523809523809523E-6      1
4.583333333333333E-6      1
4.642857142857142E-6      1
4.702380952380954E-6      1.0000000000000002
4.76190476190476E-6       1
4.82142857142857E-6       1
4.880952380952381E-6      1
4.94047619047619E-6       1
5.0E-6                    1
5.053193146954417E-6      1
5.1063862939088385E-6     1.0000000000000002
5.159579440863253E-6      1
5.2127725878176715E-6     1
5.265965734772091E-6      1
5.3191588817265095E-6     1
5.372352028680928E-6      1
5.429825725105551E-6      1
5.4872994215301785E-6     1.0000000000000002
5.5447731179548E-6        1
5.602246814379424E-6      1
5.659720510804049E-6      1
5.717194207228673E-6      1
5.774667903653296E-6      1
5.836766613164766E-6      1
5.8988653226762395E-6     1.0000000000000002
5.960964032187708E-6      1
6.023062741699181E-6      1
6.085161451210653E-6      1
6.147260160722123E-6      1
6.209358870233594E-6      1
6.276454776062198E-6      1
6.343550681890807E-6      1.0000000000000002
6.4106465877194086E-6     1
6.477742493548014E-6      1
6.544838399376618E-6      1
6.611934305205225E-6      1
6.679030211033827E-6      1
6.7515254466743295E-6     1
6.824020682314834E-6      1.0000000000000002
6.896515917955334E-6      1
6.969011153595838E-6      1
7.041506389236341E-6      1
7.114001624876844E-6      1
7.186496860517347E-6      1
7.264825919880464E-6      1
7.3431549792435835E-6     1.0000000000000002
7.421484038606697E-6      1
7.499813097969815E-6      1
7.578142157332933E-6      1
7.656471216696047E-6      1
7.734800276059163E-6      1
7.819432617569534E-6      1
7.904064959079908E-6      1.0000000000000002
7.988697300590277E-6      1
8.073329642100651E-6      1
8.157961983611024E-6      1
8.242594325121396E-6      1
8.327226666631768E-6      1
8.41866952688937E-6       1
8.510112387146976E-6      1.0000000000000002
8.601555247404578E-6      1
8.692998107662181E-6      1
8.784440967919783E-6      1
8.875883828177387E-6      1
8.96732668843499E-6       1
9.06612812229612E-6       1
9.164929556157258E-6      1.0000000000000002
9.263730990018388E-6      1
9.362532423879522E-6      1
9.461333857740657E-6      1
9.560135291601788E-6      1
9.65893672546292E-6       1
9.76568889075669E-6       1
9.872441056050465E-6      1.0000000000000002
9.97919322134423E-6       1
1.0085945386638007E-5     1
1.0192697551931776E-5     1
1.0299449717225549E-5     1
1.0406201882519321E-5     1
1.0521544589087084E-5     1
1.063688729565485E-5      1.0000000000000002
1.075223000222261E-5      1
1.0867572708790376E-5     1
1.0982915415358143E-5     1
1.1098258121925902E-5     1
1.1213600828493668E-5     1
1.1338225372851526E-5     1
1.1462849917209387E-5     1.0000000000000002
1.1587474461567241E-5     1
1.1712099005925099E-5     1
1.183672355028296E-5      1
1.1961348094640817E-5     1
1.2085972638998678E-5     1
1.2220625947546169E-5     1
1.2355279256093663E-5     1.0000000000000002
1.2489932564641151E-5     1
1.2624585873188649E-5     1
1.275923918173614E-5      1
1.2893892490283634E-5     1
1.3028545798831128E-5     1
1.3174034904500247E-5     1
1.3319524010169373E-5     1.0000000000000002
1.3465013115838492E-5     1
1.3610502221507615E-5     1
1.3755991327176737E-5     1
1.3901480432845863E-5     1
1.4046969538514986E-5     1
1.420416641764306E-5      1
1.436136329677114E-5      1.0000000000000002
1.4518560175899211E-5     1
1.4675757055027292E-5     1
1.483295393415537E-5      1
1.4990150813283447E-5     1
1.5147347692411521E-5     1
1.5317194490866848E-5     1
1.5487041289322184E-5     1.0000000000000002
1.565688808777751E-5      1
1.582673488623284E-5      1
1.5996581684688173E-5     1
1.61664284831435E-5       1
1.633627528159883E-5      1
1.6519789961439716E-5     1
1.6703304641280605E-5     1.0000000000000002
1.688681932112149E-5      1
1.7070334000962373E-5     1
1.725384868080326E-5      1
1.7437363360644144E-5     1
1.762087804048503E-5      1
1.7819160481034965E-5     1
1.801744292158491E-5      1.0000000000000002
1.8215725362134843E-5     1
1.8414007802684785E-5     1
1.8612290243234727E-5     1
1.881057268378467E-5      1
1.9008855124334605E-5     1
1.9223093714210124E-5     1
1.943733230408565E-5      1.0000000000000002
1.965157089396117E-5      1
1.9865809483836692E-5     1
2.0080048073712214E-5     1
2.0294286663587734E-5     1
2.050852525346326E-5      1
2.074000401307598E-5      1
2.0971482772688708E-5     1.0000000000000002
2.1202961532301423E-5     1
2.1434440291914146E-5     1
2.166591905152687E-5      1
2.1897397811139594E-5     1
2.2128876570752316E-5     1
2.237898284798063E-5      1
2.262908912520895E-5      1.0000000000000002
2.2879195402437258E-5     1
2.3129301679665574E-5     1
2.337940795689389E-5      1
2.3629514234122207E-5     1
2.3879620511350523E-5     1
2.4149853296478437E-5     1
2.4420086081606358E-5     1.0000000000000002
2.4690318866734262E-5     1
2.496055165186218E-5      1
2.52307844369901E-5       1
2.550101722211801E-5      1
2.5771250007245928E-5     1
2.606322891704381E-5      1
2.6355207826841698E-5     1.0000000000000002
2.6647186736639566E-5     1
2.6939165646437455E-5     1
2.7231144556235337E-5     1
2.7523123466033225E-5     1
2.7815102375831107E-5     1
2.8130577360580054E-5     1
2.8446052345329014E-5     1.0000000000000002
2.8761527330077955E-5     1
2.9077002314826915E-5     1
2.9392477299575876E-5     1
2.970795228432483E-5      1
3.0023427269073783E-5     1
3.0364289100741325E-5     1
3.070515093240886E-5      1.0000000000000002
3.10460127640764E-5       1
3.138687459574394E-5      1
3.172773642741148E-5      1
3.206859825907901E-5      1
3.240946009074655E-5      1
3.277775169516499E-5      1
3.314604329958344E-5      1.0000000000000002
3.3514334904001874E-5     1
3.3882626508420316E-5     1
3.4250918112838765E-5     1
3.46192097172572E-5       1
3.498750132167565E-5      1
3.538543002264817E-5      1
3.57833587236207E-5       1.0000000000000002
3.618128742459322E-5      1
3.6579216125565744E-5     1
3.697714482653827E-5      1
3.7375073527510795E-5     1
3.7773002228483314E-5     1
3.820295297717443E-5      1
3.863290372586557E-5      1.0000000000000002
3.9062854474556676E-5     1
3.949280522324781E-5      1
3.9922755971938926E-5     1
4.035270672063005E-5      1
4.078265746932117E-5      1
4.124720713826662E-5      1
4.1711756807212074E-5     1.0000000000000002
4.217630647615751E-5      1
4.2640856145102964E-5     1
4.3105405814048416E-5     1
4.356995548299387E-5      1
4.4034505151939313E-5     1
4.453643797930392E-5      1
4.503837080666855E-5      1.0000000000000002
4.554030363403316E-5      1
4.604223646139778E-5      1
4.65441692887624E-5       1
4.704610211612702E-5      1
4.754803494349163E-5      1
4.809035922015413E-5      1
4.8632683496816644E-5     1.0000000000000002
4.917500777347913E-5      1
4.971733205014164E-5      1
5.0259656326804145E-5     1
5.080198060346665E-5      1
5.1344304880129154E-5     1
5.193027097962231E-5      1
5.2516237079115484E-5     1.0000000000000002
5.3102203178608636E-5     1
5.368816927810181E-5      1
5.427413537759497E-5      1
5.486010147708813E-5      1
5.544606757658129E-5      1
5.607918743591676E-5      1
5.6712307295252234E-5     1.0000000000000002
5.734542715458768E-5      1
5.797854701392317E-5      1
5.8611666873258646E-5     1
5.9244786732594094E-5     1
5.987790659192957E-5      1
6.056197476009214E-5      1
6.124604292825472E-5      1.0000000000000002
6.193011109641729E-5      1
6.261417926457986E-5      1
6.329824743274244E-5      1
6.398231560090501E-5      1
6.466638376906758E-5      1
6.540550014930995E-5      1
6.614461652955231E-5      1.0000000000000002
6.688373290979465E-5      1
6.762284929003703E-5      1
6.836196567027938E-5      1
6.910108205052175E-5      1
6.984019843076411E-5      1
7.063879285303229E-5      1
7.143738727530049E-5      1.0000000000000002
7.223598169756866E-5      1
7.303457611983685E-5      1
7.383317054210504E-5      1
7.463176496437323E-5      1
7.543035938664142E-5      1
7.629321815736161E-5      1
7.715607692808183E-5      1.0000000000000002
7.8018935698802E-5        1
7.888179446952221E-5      1
7.974465324024242E-5      1
8.060751201096261E-5      1
8.147037078168281E-5      1
8.240266537008516E-5      1
8.333495995848754E-5      1.0000000000000002
8.426725454688986E-5      1
8.519954913529223E-5      1
8.613184372369461E-5      1
8.706413831209696E-5      1
8.799643290049932E-5      1
8.900375093336954E-5      1
9.001106896623977E-5      1.0000000000000002
9.101838699910998E-5      1
9.202570503198021E-5      1
9.303302306485045E-5      1
9.404034109772065E-5      1
9.504765913059087E-5      1
9.613603788122022E-5      1
9.722441663184957E-5      1.0000000000000002
9.831279538247892E-5      1
9.940117413310826E-5      1
1.0048955288373762E-4     1
1.0157793163436699E-4     1
1.0266631038499633E-4     1
1.0384227295706017E-4     1
1.0501823552912401E-4     1.0000000000000002
1.0619419810118782E-4     1
1.0737016067325165E-4     1
1.085461232453155E-4      1
1.0972208581737933E-4     1
1.1089804838944318E-4     1
1.1216864281265943E-4     1
1.134392372358757E-4      1.0000000000000002
1.1470983165909194E-4     1
1.1598042608230821E-4     1
1.1725102050552449E-4     1
1.1852161492874075E-4     1
1.1979220935195702E-4     1
1.2116505082383636E-4     1
1.2253789229571573E-4     1.0000000000000002
1.2391073376759502E-4     1
1.2528357523947437E-4     1
1.2665641671135374E-4     1
1.2802925818323308E-4     1
1.2940209965511243E-4     1
1.3088541618198803E-4     1
1.3236873270886367E-4     1.0000000000000002
1.3385204923573924E-4     1
1.3533536576261482E-4     1
1.3681868228949045E-4     1
1.3830199881636608E-4     1
1.3978531534324166E-4     1
1.4138799705410912E-4     1
1.4299067876497658E-4     1.0000000000000002
1.44593360475844E-4       1
1.4619604218671148E-4     1
1.477987238975789E-4      1
1.494014056084464E-4      1
1.5100408731931383E-4     1
1.5273573974805142E-4     1
1.5446739217678905E-4     1.0000000000000002
1.561990446055266E-4      1
1.579306970342642E-4      1
1.596623494630018E-4      1
1.6139400189173938E-4     1
1.6312565432047697E-4     1
1.6499665597577613E-4     1
1.6686765763107531E-4     1.0000000000000002
1.6873865928637445E-4     1
1.7060966094167363E-4     1
1.7248066259697284E-4     1
1.74351664252272E-4       1
1.7622266590757118E-4     1
1.782442304756321E-4      1
1.8026579504369303E-4     1.0000000000000002
1.822873596117539E-4      1
1.8430892417981481E-4     1
1.8633048874787576E-4     1
1.8835205331593666E-4     1
1.9037361788399755E-4     1
1.9255786143678515E-4     1
1.9474210498957284E-4     1.0000000000000002
1.969263485423604E-4      1
1.99110592095148E-4       1
2.0129483564793562E-4     1
2.0347907920072324E-4     1
2.0566332275351085E-4     1
2.0802333636537663E-4     1
2.1038334997724247E-4     1.0000000000000002
2.1274336358910825E-4     1
2.1510337720097403E-4     1
2.1746339081283981E-4     1
2.1982340442470562E-4     1
2.2218341803657143E-4     1
2.2473334624448075E-4     1
2.2728327445239018E-4     1.0000000000000002
2.2983320266029944E-4     1
2.3238313086820878E-4     1
2.3493305907611818E-4     1
2.374829872840275E-4      1
2.4003291549193687E-4     1
2.4278804106951754E-4     1
2.4554316664709833E-4     1.0000000000000002
2.48298292224679E-4       1
2.5105341780225975E-4     1
2.538085433798405E-4      1
2.565636689574212E-4      1
2.59318794535002E-4       1
2.622956300885234E-4      1
2.652724656420448E-4      1.0000000000000002
2.682493011955662E-4      1
2.712261367490876E-4      1
2.74202972302609E-4       1
2.771798078561304E-4      1
2.801566434096518E-4      1
2.833730303449088E-4      1
2.8658941728016584E-4     1.0000000000000002
2.898058042154228E-4      1
2.930221911506798E-4      1
2.9623857808593686E-4     1
2.994549650211939E-4      1
3.026713519564509E-4      1
3.061465674096684E-4      1
3.0962178286288584E-4     1.0000000000000002
3.1309699831610325E-4     1
3.165722137693207E-4      1
3.2004742922253816E-4     1
3.235226446757556E-4      1
3.269978601289731E-4      1
3.307527325026578E-4      1
3.3450760487634254E-4     1.0000000000000002
3.382624772500272E-4      1
3.4201734962371194E-4     1
3.4577222199739664E-4     1
3.495270943710814E-4      1
3.532819667447661E-4      1
3.5733900054093213E-4     1
3.6139603433709826E-4     1.0000000000000002
3.654530681332642E-4      1
3.695101019294303E-4      1
3.735671357255963E-4      1
3.7762416952176237E-4     1
3.816812033179284E-4      1
3.8606471401688016E-4     1
3.9044822471583204E-4     1.0000000000000002
3.948317354147837E-4      1
3.992152461137356E-4      1
4.0359875681268736E-4     1
4.079822675116391E-4      1
4.1236577821059095E-4     1
4.1710203800363857E-4     1
4.218382977966863E-4      1.0000000000000002
4.265745575897338E-4      1
4.313108173827815E-4      1
4.3604707717582916E-4     1
4.4078333696887683E-4     1
4.4551959676192445E-4     1
4.5063699201148926E-4     1
4.557543872610541E-4      1.0000000000000002
4.608717825106188E-4      1
4.659891777601837E-4      1
4.711065730097486E-4      1
4.762239682593134E-4      1
4.8134136350887815E-4     1
4.868705648796987E-4      1
4.923997662505193E-4      1.0000000000000002
4.979289676213397E-4      1
5.034581689921602E-4      1
5.08987370362981E-4       1
5.145165717338015E-4      1
5.20045773104622E-4       1
5.260199193857152E-4      1
5.319940656668086E-4      1.0000000000000002
5.379682119479019E-4      1
5.439423582289952E-4      1
5.499165045100886E-4      1
5.558906507911819E-4      1
5.618647970722752E-4      1
5.683196937914046E-4      1
5.747745905105341E-4      1.0000000000000002
5.812294872296635E-4      1
5.876843839487928E-4      1
5.941392806679223E-4      1
6.005941773870516E-4      1
6.070490741061811E-4      1
6.140234081271733E-4      1
6.209977421481657E-4      1.0000000000000002
6.279720761691579E-4      1
6.349464101901502E-4      1
6.419207442111425E-4      1
6.488950782321348E-4      1
6.55869412253127E-4       1
6.634049836422441E-4      1
6.709405550313611E-4      1.0000000000000002
6.78476126420478E-4       1
6.860116978095951E-4      1
6.935472691987122E-4      1
7.010828405878293E-4      1
7.086184119769463E-4      1
7.167603845279551E-4      1
7.249023570789641E-4      1.0000000000000002
7.330443296299728E-4      1
7.411863021809816E-4      1
7.493282747319906E-4      1
7.574702472829993E-4      1
7.656122198340081E-4      1
7.744093917534583E-4      1
7.832065636729087E-4      1.0000000000000002
7.920037355923589E-4      1
8.008009075118091E-4      1
8.095980794312596E-4      1
8.183952513507098E-4      1
8.271924232701601E-4      1
8.366975196452144E-4      1
8.462026160202691E-4      1.0000000000000002
8.557077123953232E-4      1
8.652128087703778E-4      1
8.747179051454322E-4      1
8.842230015204866E-4      1
8.937280978955411E-4      1
9.03998086697208E-4       1
9.142680754988754E-4      1.0000000000000002
9.245380643005422E-4      1
9.348080531022097E-4      1
9.450780419038767E-4      1
9.553480307055438E-4      1
9.65618019507211E-4       1
9.767144530229328E-4      1
9.878108865386548E-4      1.0000000000000002
9.989073200543763E-4      1
0.0010100037535700982     1
0.0010211001870858204     1
0.0010321966206015421     1
0.001043293054117264      1
0.001055282437859228      1
0.0010672718216011925     1.0000000000000002
0.0010792612053431563     1
0.0010912505890851203     1
0.0011032399728270845     1
0.0011152293565690485     1
0.0011272187403110125     1
0.001140172931611164      1
0.0011531271229113156     1.0000000000000002
0.0011660813142114668     1
0.0011790355055116182     1
0.00119198969681177       1
0.0012049438881119214     1
0.0012178980794120729     1
0.0012318947180928051     1
0.0012458913567735379     1.0000000000000002
0.0012598879954542701     1
0.0012738846341350024     1
0.0012878812728157351     1
0.0013018779114964674     1
0.0013158745501771997     1
0.0013309975238789001     1
0.0013461204975806003     1.0000000000000002
0.0013612434712823006     1
0.0013763664449840008     1
0.001391489418685701      1
0.0014066123923874012     1
0.0014217353660891015     1
0.0014380753130434451     1
0.0014544152599977893     1.0000000000000002
0.0014707552069521328     1
0.0014870951539064764     1
0.0015034351008608204     1
0.001519775047815164      1
0.001536114994769508      1
0.0015537698470318487     1
0.00157142469929419       1.0000000000000002
0.0015890795515565305     1
0.0016067344038188714     1
0.0016243892560812124     1
0.0016420441083435532     1
0.001659698960605894      1
0.0016787745310025443     1
0.0016978501013991951     1.0000000000000002
0.0017169256717958453     1
0.001736001242192496      1
0.0017550768125891465     1
0.0017741523829857974     1
0.0017932279533824477     1
0.001813838569690674      1
0.0018344491859989007     1.0000000000000002
0.0018550598023071264     1
0.001875670418615353      1
0.0018962810349235793     1
0.0019168916512318059     1
0.001937502267540032      1
0.001959771457701681      1
0.0019820406478633303     1.0000000000000002
0.0020043098380249785     1
0.0020265790281866272     1
0.0020488482183482768     1
0.002071117408509926      1
0.0020933865986715746     1
0.0021174478311470806     1
0.002141509063622587      1.0000000000000002
0.0021655702960980926     1
0.002189631528573599      1
0.002213692761049105      1
0.002237753993524611      1
0.0022618152260001165     1
0.002287812709700145      1
0.0023138101934001747     1.0000000000000002
0.002339807677100203      1
0.002365805160800232      1
0.002391802644500261      1
0.0024178001282002897     1
0.0024437976119003188     1
0.002471887160489377      1
0.002499976709078435      1.0000000000000002
0.0025280662576674926     1
0.002556155806256551      1
0.0025842453548456093     1
0.002612334903434668      1
0.002640424452023726      1
0.002670774417775838      1
0.0027011243835279508     1.0000000000000002
0.002731474349280062      1
0.0027618243150321744     1
0.0027921742807842874     1
0.0028225242465363997     1
0.002852874212288512      1
0.0028856664950919885     1
0.0029184587778954664     1.0000000000000002
0.0029512510606989426     1
0.0029840433435024197     1
0.0030168356263058963     1
0.0030496279091093734     1
0.00308242019191285       1
0.0031178513294714953     1
0.0031532824670301414     1.0000000000000002
0.0031887136045887863     1
0.0032241447421474316     1
0.0032595758797060773     1
0.0032950070172647226     1
0.003330438154823368      1
0.0033687205005881603     1
0.0034070028463529527     1.0000000000000002
0.0034452851921177438     1
0.0034835675378825366     1
0.003521849883647329      1
0.0035601322294121214     1
0.0035984145751769138     1
0.0036397775710680126     1
0.0036811405669591123     1.0000000000000002
0.0037225035628502103     1
0.0037638665587413096     1
0.003805229554632409      1
0.0038465925505235077     1
0.003887955546414607      1
0.003932647097961599      1
0.003977338649508591      1.0000000000000002
0.004022030201055582      1
0.004066721752602575      1
0.004111413304149566      1
0.004156104855696559      1
0.004200796407243551      1
0.004249084369385755      1
0.00429737233152796       1.0000000000000002
0.004345660293670163      1
0.004393948255812368      1
0.004442236217954572      1
0.004490524180096776      1
0.004538812142238982      1
0.004590985924690797      1
0.004643159707142613      1.0000000000000002
0.004695333489594428      1
0.004747507272046243      1
0.00479968105449806       1
0.004851854836949875      1
0.004904028619401691      1
0.004960400921204634      1
0.005016773223007578      1.0000000000000002
0.005073145524810521      1
0.0051295178266134635     1
0.005185890128416407      1
0.005242262430219349      1
0.005298634732022293      1
0.005359543415679585      1
0.005420452099336878      1.0000000000000002
0.00548136078299417       1
0.005542269466651462      1
0.005603178150308755      1
0.005664086833966049      1
0.005724995517623341      1
0.005790805634049535      1
0.005856615750475729      1.0000000000000002
0.005922425866901922      1
0.005988235983328116      1
0.006054046099754311      1
0.006119856216180504      1
0.006185666332606698      1
0.006256772309028677      1
0.0063278782854506565     1.0000000000000002
0.006398984261872635      1
0.006470090238294614      1
0.006541196214716593      1
0.0066123021911385724     1
0.0066834081675605506     1
0.006760236171482916      1
0.006837064175405283      1.0000000000000002
0.006913892179327646      1
0.006990720183250012      1
0.007067548187172377      1
0.007144376191094742      1
0.007221204195017108      1
0.007304214688420168      1
0.007387225181823231      1.0000000000000002
0.00747023567522629       1
0.007553246168629351      1
0.007636256662032413      1
0.007719267155435474      1
0.007802277648838536      1
0.007891968147917266      1
0.007981658646996         1.0000000000000002
0.00807134914607473       1
0.008161039645153464      1
0.008250730144232195      1
0.008340420643310928      1
0.00843011114238966       1
0.00852701919937388       1
0.008623927256358103      1.0000000000000002
0.008720835313342322      1
0.008817743370326543      1
0.008914651427310766      1
0.009011559484294987      1
0.00910846754127921       1
0.00921317396620626       1
0.009317880391133312      1.0000000000000002
0.009422586816060362      1
0.009527293240987413      1
0.009631999665914465      1
0.009736706090841514      1
0.009841412515768564      1
0.009954544857517912      1
0.01006767719926726       1.0000000000000002
0.010180809541016606      1
0.010293941882765953      1
0.0104070742245153        1
0.010520206566264649      1
0.010633338908013995      1
0.010755575215467028      1
0.010877811522920066      1.0000000000000002
0.011000047830373099      1
0.011122284137826134      1
0.01124452044527917       1
0.011366756752732205      1
0.011488993060185242      1
0.011621065946052458      1
0.011753138831919677      1.0000000000000002
0.011885211717786892      1
0.01201728460365411       1
0.01214935748952133       1
0.012281430375388544      1
0.012413503261255763      1
0.01255620429292753       1
0.012698905324599302      1.0000000000000002
0.012841606356271065      1
0.012984307387942833      1
0.013127008419614604      1
0.01326970945128637       1
0.013412410482958137      1
0.01356659492669521       1
0.013720779370432284      1.0000000000000002
0.013874963814169356      1
0.014029148257906429      1
0.014183332701643504      1
0.014337517145380575      1
0.01449170158911765       1
0.014658293536015351      1
0.014824885482913054      1.0000000000000002
0.01499147742981075       1
0.015158069376708454      1
0.015324661323606157      1
0.015491253270503857      1
0.01565784521740156       1
0.015837843121849642      1
0.01601784102629773       1.0000000000000002
0.016197838930745806      1
0.016377836835193893      1
0.01655783473964198       1
0.016737832644090064      1
0.016917830548538147      1
0.01711231321237061       1
0.017306795876203082      1.0000000000000002
0.017501278540035543      1
0.01769576120386801       1
0.017890243867700474      1
0.01808472653153294       1
0.01827920919536541       1
0.01848934223356576       1
0.018699475271766113      1.0000000000000002
0.018909608309966457      1
0.01911974134816681       1
0.019329874386367164      1
0.01954000742456751       1
0.01975014046276786       1
0.019977183289481434      1
0.02020422611619501       1.0000000000000002
0.02043126894290858       1
0.020658311769622156      1
0.020885354596335736      1
0.02111239742304931       1
0.021339440249762885      1
0.02158475362648636       1
0.02183006700320984       1.0000000000000002
0.022075380379933313      1
0.022320693756656792      1
0.02256600713338027       1
0.022811320510103743      1
0.023056633886827223      1
0.02332168807801465       1
0.023586742269202078      1.0000000000000002
0.023851796460389502      1
0.02411685065157693       1
0.02438190484276436       1
0.02464695903395179       1
0.024912013225139217      1
0.02519839681010455       1
0.0254847803950699        1.0000000000000002
0.02577116398003523       1
0.02605754756500057       1
0.026343931149965912      1
0.02663031473493125       1
0.026916698319896588      1
0.027226127713826084      1
0.027535557107755584      1.0000000000000002
0.027844986501685078      1
0.028154415895614578      1
0.02846384528954408       1
0.028773274683473574      1
0.029082704077403074      1
0.02941703381854087       1
0.029751363559678674      1.0000000000000002
0.03008569330081646       1
0.03042002304195426       1
0.030754352783092062      1
0.03108868252422986       1
0.03142301226536766       1
0.03178424613002996       1
0.03214547999469227       1.0000000000000002
0.03250671385935457       1
0.03286794772401688       1
0.03322918158867919       1
0.033590415453341495      1
0.033951649318003804      1
0.0343419523300385        1
0.03473225534207321       1.0000000000000002
0.035122558354107894      1
0.035512861366142595      1
0.0359031643781773        1
0.036293467390212         1
0.0366837704022467        1
0.03710548180891609       1
0.03752719321558548       1.0000000000000002
0.03794890462225487       1
0.038370616028924255      1
0.03879232743559365       1
0.039214038842263044      1
0.039635750248932435      1
0.040091397540988845      1
0.040547044833045276      1.0000000000000002
0.04100269212510168       1
0.0414583394171581        1
0.041913986709214514      1
0.04236963400127094       1
0.04282528129332735       1
0.04331759535330986       1
0.04380990941329239       1.0000000000000002
0.044302223473274886      1
0.044794537533257406      1
0.045286851593239925      1
0.04577916565322243       1
0.04627147971320495       1
0.04680341118274709       1
0.047335342652289246      1.0000000000000002
0.04786727412183139       1
0.04839920559137354       1
0.048931137060915696      1
0.04946306853045784       1
0.049995                  1