0                         1
5.9523809523811414E-8     1.0046481428056393
1.1904761904762283E-7     1.0092860680679523
1.7857142857143255E-7     1.013913775786939
2.380952380952448E-7      1.0185312659625996
2.976190476190554E-7      1.0231385385949339
3.5714285714286594E-7     1.027735593683942
4.166666666666765E-7      1.032322431229624
4.761904761904854E-7      1.0377893755145062
5.35714285714296E-7       1.0434132132861897
5.95238095238104E-7       1.0491939445446739
6.547619047619137E-7      1.0551315692899592
7.142857142857226E-7      1.0612260875220458
7.738095238095323E-7      1.0674774992409333
8.33333333333342E-7       1.0738858044466215
8.928571428571509E-7      1.0783734167468937
9.523809523809615E-7      1.0829482753907838
1.0119047619047695E-6     1.087610380378291
1.07142857142858E-6       1.0923597317094167
1.1309523809523898E-6     1.0971963293841602
1.1904761904761978E-6     1.1021201734025212
1.2500000000000075E-6     1.1071312637645
1.3095238095238164E-6     1.1128590573000976
1.369047619047627E-6      1.1183970092029178
1.428571428571435E-6      1.1237451194729604
1.4880952380952447E-6     1.1289033881102257
1.5476190476190544E-6     1.1338718151147138
1.6071428571428641E-6     1.1386504004864242
1.6666666666666739E-6     1.143239144225357
1.7261904761904827E-6     1.1506062231371033
1.7857142857142933E-6     1.1578431465550214
1.8452380952381005E-6     1.1649499144791104
1.9047619047619102E-6     1.1719265269093717
1.96428571428572E-6       1.1787729838458048
2.0238095238095296E-6     1.185489285288409
2.0833333333333394E-6     1.1920754312371848
2.1428571428571482E-6     1.1994308530434663
2.2023809523809596E-6     1.2069190413320339
2.261904761904767E-6      1.2145399961028862
2.3214285714285765E-6     1.2222937173560242
2.3809523809523863E-6     1.230180205091448
2.440476190476195E-6      1.2381994593091568
2.500000000000005E-6      1.2463514800091513
2.5595238095238146E-6     1.25271886839923
2.619047619047625E-6      1.2596689899055178
2.6785714285714323E-6     1.2672018445280135
2.738095238095243E-6      1.2753174322667185
2.7976190476190535E-6     1.2840157531216319
2.8571428571428623E-6     1.2932968070927537
2.916666666666671E-6      1.3031605941800843
2.97619047619048E-6       1.3056217379964254
3.0357142857142907E-6     1.3084430298512224
3.095238095238098E-6      1.3116244697444743
3.1547619047619084E-6     1.3151660576761817
3.214285714285719E-6      1.319067793646345
3.273809523809528E-6      1.3233296776549637
3.3333333333333367E-6     1.327951709702038
3.3928571428571456E-6     1.3366640380805401
3.452380952380958E-6      1.344110113536341
3.511904761904765E-6      1.3502899360694394
3.571428571428574E-6      1.3552035056798366
3.6309523809523845E-6     1.3588508223675313
3.6904761904761933E-6     1.3612318861325245
3.7500000000000022E-6     1.362346696974816
3.809523809523811E-6      1.3901189219489603
3.869047619047622E-6      1.416657039322634
3.9285714285714305E-6     1.4419610490958363
3.988095238095238E-6      1.4660309512685685
4.047619047619048E-6      1.4888667458408298
4.107142857142859E-6      1.5104684328126197
4.166666666666668E-6      1.530836012183939
4.226190476190477E-6      1.5578588638262179
4.285714285714289E-6      1.5862933638645886
4.345238095238096E-6      1.6161395122990505
4.404761904761903E-6      1.6473973091296044
4.4642857142857155E-6     1.6800667543562502
4.523809523809523E-6      1.7141478479789873
4.583333333333333E-6      1.7496405899978162
4.642857142857142E-6      1.7552830010990563
4.702380952380954E-6      1.7641873022449228
4.76190476190476E-6       1.776353493435415
4.82142857142857E-6       1.791781574670534
4.880952380952381E-6      1.8104715459502785
4.94047619047619E-6       1.8324234072746495
5.0E-6                    1.8576371586436462
5.053193146954417E-6      1.854656505481493
5.1063862939088385E-6     1.853698519360833
5.159579440863253E-6      1.8547632002816665
5.2127725878176715E-6     1.857850548243993
5.265965734772091E-6      1.8629605632478132
5.3191588817265095E-6     1.8700932452931267
5.372352028680928E-6      1.8792485943799333
5.429825725105551E-6      1.8845724403813695
5.4872994215301785E-6     1.8893264370055505
5.5447731179548E-6        1.8935105842524744
5.602246814379424E-6      1.8971248821221431
5.659720510804049E-6      1.9001693306145555
5.717194207228673E-6      1.902643929729712
5.774667903653296E-6      1.9045486794676123
5.836766613164766E-6      1.9407874062954003
5.8988653226762395E-6     1.9738614438583824
5.960964032187708E-6      2.003770792156557
6.023062741699181E-6      2.030515451189926
6.085161451210653E-6      2.0540954209584887
6.147260160722123E-6      2.0745107014622453
6.209358870233594E-6      2.091761292701195
6.276454776062198E-6      2.1512430238870968
6.343550681890807E-6      2.2093201302824528
6.4106465877194086E-6     2.2659926118872615
6.477742493548014E-6      2.321260468701524
6.544838399376618E-6      2.375123700725241
6.611934305205225E-6      2.4275823079584096
6.679030211033827E-6      2.478636290401033
6.7515254466743295E-6     2.5384150536375234
6.824020682314834E-6      2.6003267726958117
6.896515917955334E-6      2.664371447575896
6.969011153595838E-6      2.730549078277779
7.041506389236341E-6      2.7988596648014585
7.114001624876844E-6      2.869303207146934
7.186496860517347E-6      2.9418797053142076
7.264825919880464E-6      2.995242224385685
7.3431549792435835E-6     3.0521897957334723
7.421484038606697E-6      3.1127224193575667
7.499813097969815E-6      3.1768400952579703
7.578142157332933E-6      3.2445428234346827
7.656471216696047E-6      3.315830603887704
7.734800276059163E-6      3.3907034366170326
7.819432617569534E-6      3.4509427135439874
7.904064959079908E-6      3.5143315297618813
7.988697300590277E-6      3.5808698852707117
8.073329642100651E-6      3.650557780070481
8.157961983611024E-6      3.723395214161189
8.242594325121396E-6      3.7993821875428346
8.327226666631768E-6      3.8785187002154187
8.41866952688937E-6       3.9482588065938664
8.510112387146976E-6      4.020408056633333
8.601555247404578E-6      4.094966450333814
8.692998107662181E-6      4.171933987695314
8.784440967919783E-6      4.251310668717831
8.875883828177387E-6      4.3330964934013645
8.96732668843499E-6       4.417291461745916
9.06612812229612E-6       4.481155983303883
9.164929556157258E-6      4.547537472083498
9.263730990018388E-6      4.616435928084756
9.362532423879522E-6      4.687851351307661
9.461333857740657E-6      4.7617837417522155
9.560135291601788E-6      4.838233099418414
9.65893672546292E-6       4.917199424306258
9.76568889075669E-6       4.95607210543218
9.872441056050465E-6      4.997688649634639
9.97919322134423E-6       5.042049056913631
1.0085945386638007E-5     5.089153327269161
1.0192697551931776E-5     5.139001460701228
1.0299449717225549E-5     5.191593457209831
1.0406201882519321E-5     5.24692931679497
1.0521544589087084E-5     5.26571034422185
1.063688729565485E-5      5.285649745066779
1.075223000222261E-5      5.306747519329753
1.0867572708790376E-5     5.3290036670107765
1.0982915415358143E-5     5.352418188109847
1.1098258121925902E-5     5.376991082626965
1.1213600828493668E-5     5.402722350562129
1.1338225372851526E-5     5.420839428114733
1.1462849917209387E-5     5.43816000938942
1.1587474461567241E-5     5.454684094386185
1.1712099005925099E-5     5.470411683105035
1.183672355028296E-5      5.485342775545966
1.1961348094640817E-5     5.499477371708978
1.2085972638998678E-5     5.512815471594072
1.2220625947546169E-5     5.530694144687746
1.2355279256093663E-5     5.547453509654997
1.2489932564641151E-5     5.563093566495822
1.2624585873188649E-5     5.5776143152102255
1.275923918173614E-5      5.591015755798204
1.2893892490283634E-5     5.603297888259758
1.3028545798831128E-5     5.614460712594889
1.3174034904500247E-5     5.6302375967266505
1.3319524010169373E-5     5.64523500283217
1.3465013115838492E-5     5.659452930911446
1.3610502221507615E-5     5.672891380964482
1.3755991327176737E-5     5.6855503529912745
1.3901480432845863E-5     5.697429846991826
1.4046969538514986E-5     5.708529862966135
1.420416641764306E-5      5.722427797513648
1.436136329677114E-5      5.735845398336372
1.4518560175899211E-5     5.748782665434305
1.4675757055027292E-5     5.7612395988074505
1.483295393415537E-5      5.773216198455808
1.4990150813283447E-5     5.784712464379376
1.5147347692411521E-5     5.795728396578155
1.5317194490866848E-5     5.807858061986644
1.5487041289322184E-5     5.819680505800062
1.565688808777751E-5      5.831195728018408
1.582673488623284E-5      5.842403728641686
1.5996581684688173E-5     5.853304507669891
1.61664284831435E-5       5.863898065103025
1.633627528159883E-5      5.87418440094109
1.6519789961439716E-5     5.884211215698251
1.6703304641280605E-5     5.894026305982155
1.688681932112149E-5      5.903629671792801
1.7070334000962373E-5     5.913021313130191
1.725384868080326E-5      5.9222012299943225
1.7437363360644144E-5     5.931169422385194
1.762087804048503E-5      5.939925890302811
1.7819160481034965E-5     5.9471146402548
1.801744292158491E-5      5.954153106446155
1.8215725362134843E-5     5.961041288876872
1.8414007802684785E-5     5.967779187546954
1.8612290243234727E-5     5.974366802456399
1.881057268378467E-5      5.980804133605208
1.9008855124334605E-5     5.987091180993382
1.9223093714210124E-5     5.990425339593598
1.943733230408565E-5      5.9936561006510125
1.965157089396117E-5      5.996783464165622
1.9865809483836692E-5     5.999807430137432
2.0080048073712214E-5     6.0027279985664395
2.0294286663587734E-5     6.005545169452644
2.050852525346326E-5      6.008258942796045
2.074000401307598E-5      6.006619729527084
2.0971482772688708E-5     6.004914061642649
2.1202961532301423E-5     6.003141939142737
2.1434440291914146E-5     6.001303362027351
2.166591905152687E-5      5.999398330296491
2.1897397811139594E-5     5.997426843950155
2.2128876570752316E-5     5.995388902988342
2.237898284798063E-5      5.987643255936754
2.262908912520895E-5      5.979862824132909
2.2879195402437258E-5     5.972047607576807
2.3129301679665574E-5     5.964197606268448
2.337940795689389E-5      5.956312820207832
2.3629514234122207E-5     5.948393249394959
2.3879620511350523E-5     5.940438893829829
2.4149853296478437E-5     5.925564572385259
2.4420086081606358E-5     5.910690486577029
2.4690318866734262E-5     5.8958166364051365
2.496055165186218E-5      5.880943021869586
2.52307844369901E-5       5.866069642970376
2.550101722211801E-5      5.851196499707505
2.5771250007245928E-5     5.836323592080974
2.606322891704381E-5      5.813827903096937
2.6355207826841698E-5     5.791379641473723
2.6647186736639566E-5     5.768978807211328
2.6939165646437455E-5     5.746625400309755
2.7231144556235337E-5     5.724319420769003
2.7523123466033225E-5     5.702060868589071
2.7815102375831107E-5     5.679849743769961
2.8130577360580054E-5     5.650389521242779
2.8446052345329014E-5     5.6210351022135026
2.8761527330077955E-5     5.591786486682127
2.9077002314826915E-5     5.5626436746486565
2.9392477299575876E-5     5.53360666611309
2.970795228432483E-5      5.5046754610754265
3.0023427269073783E-5     5.475850059535667
3.0364289100741325E-5     5.4413104950524485
3.070515093240886E-5      5.406932350159879
3.10460127640764E-5       5.372715624857955
3.138687459574394E-5      5.3386603191466815
3.172773642741148E-5      5.304766433026053
3.206859825907901E-5      5.271033966496074
3.240946009074655E-5      5.237462919556743
3.277775169516499E-5      5.200166360160249
3.314604329958344E-5      5.163071389217669
3.3514334904001874E-5     5.1261780067290035
3.3882626508420316E-5     5.089486212694252
3.4250918112838765E-5     5.052996007113416
3.46192097172572E-5       5.016707389986495
3.498750132167565E-5      4.980620361313486
3.538543002264817E-5      4.942481224262979
3.57833587236207E-5       4.9045671496829355
3.618128742459322E-5      4.866878137573354
3.6579216125565744E-5     4.8294141879342405
3.697714482653827E-5      4.792175300765589
3.7375073527510795E-5     4.755161476067403
3.7773002228483314E-5     4.718372713839679
3.820295297717443E-5      4.6806384890814945
3.863290372586557E-5      4.643140879217893
3.9062854474556676E-5     4.60587988424887
3.949280522324781E-5      4.568855504174433
3.9922755971938926E-5     4.532067738994577
4.035270672063005E-5      4.495516588709303
4.078265746932117E-5      4.459202053318611
4.124720713826662E-5      4.422597467111188
4.1711756807212074E-5     4.386233061555556
4.217630647615751E-5      4.3501088366517155
4.2640856145102964E-5     4.314224792399668
4.3105405814048416E-5     4.278580928799412
4.356995548299387E-5      4.243177245850947
4.4034505151939313E-5     4.208013743554275
4.453643797930392E-5      4.172949121780839
4.503837080666855E-5      4.138122139846338
4.554030363403316E-5      4.103532797750771
4.604223646139778E-5      4.069181095494139
4.65441692887624E-5       4.0350670330764435
4.704610211612702E-5      4.001190610497683
4.754803494349163E-5      3.9675518277578568
4.809035922015413E-5      3.9342638577442
4.8632683496816644E-5     3.9012058544807644
4.917500777347913E-5      3.8683778179675468
4.971733205014164E-5      3.83577974820455
5.0259656326804145E-5     3.8034116451917734
5.080198060346665E-5      3.7712735089292164
5.1344304880129154E-5     3.7393653394168798
5.193027097962231E-5      3.707989790247583
5.2516237079115484E-5     3.676832305179582
5.3102203178608636E-5     3.6458928842128753
5.368816927810181E-5      3.615171527347466
5.427413537759497E-5      3.5846682345833507
5.486010147708813E-5      3.5543830059205312
5.544606757658129E-5      3.5243158413590074
5.607918743591676E-5      3.4949206879287225
5.6712307295252234E-5     3.46572851669288
5.734542715458768E-5      3.4367393276514777
5.797854701392317E-5      3.4079531208045193
5.8611666873258646E-5     3.3793698961520025
5.9244786732594094E-5     3.3509896536939263
5.987790659192957E-5      3.3228123934302927
6.056197476009214E-5      3.2954133027406245
6.124604292825472E-5      3.2682000643733824
6.193011109641729E-5      3.241172678328564
6.261417926457986E-5      3.2143311446061724
6.329824743274244E-5      3.187675463206206
6.398231560090501E-5      3.1612056341286645
6.466638376906758E-5      3.1349216573735483
6.540550014930995E-5      3.1094916001293833
6.614461652955231E-5      3.084229296346156
6.688373290979465E-5      3.0591347460238656
6.762284929003703E-5      3.0342079491625125
6.836196567027938E-5      3.009448905762097
6.910108205052175E-5      2.984857615822618
6.984019843076411E-5      2.960434079344077
7.063879285303229E-5      2.936911943765823
7.143738727530049E-5      2.913539408564846
7.223598169756866E-5      2.8903164737411444
7.303457611983685E-5      2.86724313929472
7.383317054210504E-5      2.844319405225571
7.463176496437323E-5      2.821545271533698
7.543035938664142E-5      2.798920738219102
7.629321815736161E-5      2.7772201736527293
7.715607692808183E-5      2.755651690372945
7.8018935698802E-5        2.7342152883797475
7.888179446952221E-5      2.7129109676731393
7.974465324024242E-5      2.6917387282531187
8.060751201096261E-5      2.670698570119685
8.147037078168281E-5      2.64979049327284
8.240266537008516E-5      2.6298086688940137
8.333495995848754E-5      2.609942490121649
8.426725454688986E-5      2.590191956955743
8.519954913529223E-5      2.5705570693962985
8.613184372369461E-5      2.5510378274433143
8.706413831209696E-5      2.5316342310967905
8.799643290049932E-5      2.5123462803567267
8.900375093336954E-5      2.4939718549912278
9.001106896623977E-5      2.4756979583185292
9.101838699910998E-5      2.4575245903386285
9.202570503198021E-5      2.4394517510515277
9.303302306485045E-5      2.4214794404572264
9.404034109772065E-5      2.4036076585557242
9.504765913059087E-5      2.385836405347021
9.613603788122022E-5      2.3689561244862056
9.722441663184957E-5      2.35216264024641
9.831279538247892E-5      2.335455952627633
9.940117413310826E-5      2.318836061629876
1.0048955288373762E-4     2.302302967253139
1.0157793163436699E-4     2.2858566694974205
1.0266631038499633E-4     2.2694971683627214
1.0384227295706017E-4     2.254000760579839
1.0501823552912401E-4     2.2385787503473753
1.0619419810118782E-4     2.2232311376653286
1.0737016067325165E-4     2.2079579225337005
1.085461232453155E-4      2.1927591049524904
1.0972208581737933E-4     2.177634684921698
1.1089804838944318E-4     2.1625846624413234
1.1216864281265943E-4     2.148367940923942
1.134392372358757E-4      2.1342144315646414
1.1470983165909194E-4     2.12012413436342
1.1598042608230821E-4     2.10609704932028
1.1725102050552449E-4     2.09213317643522
1.1852161492874075E-4     2.0782325157082395
1.1979220935195702E-4     2.06439506713934
1.2116505082383636E-4     2.0513613325975997
1.2253789229571573E-4     2.0383806974461374
1.2391073376759502E-4     2.0254531616849523
1.2528357523947437E-4     2.012578725314045
1.2665641671135374E-4     1.9997573883334157
1.2802925818323308E-4     1.9869891507430635
1.2940209965511243E-4     1.9742740125429894
1.3088541618198803E-4     1.9623340277119405
1.3236873270886367E-4     1.950437976889009
1.3385204923573924E-4     1.9385858600741932
1.3533536576261482E-4     1.9267776772674954
1.3681868228949045E-4     1.915013428468914
1.3830199881636608E-4     1.9032931136784499
1.3978531534324166E-4     1.8916167328961027
1.4138799705410912E-4     1.8806876986809509
1.4299067876497658E-4     1.8697942957389064
1.44593360475844E-4       1.8589365240699678
1.4619604218671148E-4     1.848114383674136
1.477987238975789E-4      1.8373278745514114
1.494014056084464E-4      1.8265769967017929
1.5100408731931383E-4     1.8158617501252812
1.5273573974805142E-4     1.8058658189959045
1.5446739217678905E-4     1.7958980426339548
1.561990446055266E-4      1.785958421039431
1.579306970342642E-4      1.776046954212334
1.596623494630018E-4      1.7661636421526634
1.6139400189173938E-4     1.756308484860419
1.6312565432047697E-4     1.746481482335601
1.6499665597577613E-4     1.7373443431189832
1.6686765763107531E-4     1.7282287109399115
1.6873865928637445E-4     1.7191345857983842
1.7060966094167363E-4     1.710061967694403
1.7248066259697284E-4     1.7010108566279676
1.74351664252272E-4       1.6919812525990774
1.7622266590757118E-4     1.6829731556077325
1.782442304756321E-4      1.6746230945989256
1.8026579504369303E-4     1.666288741628002
1.822873596117539E-4      1.657970096694961
1.8430892417981481E-4     1.6496671597998038
1.8633048874787576E-4     1.6413799309425297
1.8835205331593666E-4     1.6331084101231386
1.9037361788399755E-4     1.6248525973416306
1.9255786143678515E-4     1.6172202186823423
1.9474210498957284E-4     1.6095986103185786
1.969263485423604E-4      1.6019877722503384
1.99110592095148E-4       1.594387704477623
2.0129483564793562E-4     1.5867984070004315
2.0347907920072324E-4     1.5792198798187642
2.0566332275351085E-4     1.5716521229326212
2.0802333636537663E-4     1.5646706750100796
2.1038334997724247E-4     1.557695907031696
2.1274336358910825E-4     1.55072781899747
2.1510337720097403E-4     1.5437664109074025
2.1746339081283981E-4     1.5368116827614935
2.1982340442470562E-4     1.5298636345597418
2.2218341803657143E-4     1.5229222663021484
2.2473334624448075E-4     1.5165283524996387
2.2728327445239018E-4     1.510137827802896
2.2983320266029944E-4     1.5037506922119193
2.3238313086820878E-4     1.4973669457267098
2.3493305907611818E-4     1.4909865883472673
2.374829872840275E-4      1.484609620073591
2.4003291549193687E-4     1.4782360409056816
2.4278804106951754E-4     1.4723704362713546
2.4554316664709833E-4     1.466505651332732
2.48298292224679E-4       1.4606416860898126
2.5105341780225975E-4     1.4547785405425975
2.538085433798405E-4      1.4489162146910861
2.565636689574212E-4      1.4430547085352787
2.59318794535002E-4       1.4371940220751753
2.622956300885234E-4      1.4318023621991576
2.652724656420448E-4      1.4264095768536862
2.682493011955662E-4      1.4210156660387603
2.712261367490876E-4      1.4156206297543812
2.74202972302609E-4       1.4102244680005485
2.771798078561304E-4      1.4048271807772612
2.801566434096518E-4      1.3994287680845205
2.833730303449088E-4      1.3944619754532408
2.8658941728016584E-4     1.3894926331428261
2.898058042154228E-4      1.3845207411532756
2.930221911506798E-4      1.3795462994845902
2.9623857808593686E-4     1.3745693081367691
2.994549650211939E-4      1.3695897671098127
3.026713519564509E-4      1.3646076764037212
3.061465674096684E-4      1.3600220909165583
3.0962178286288584E-4     1.3554329538315864
3.1309699831610325E-4     1.3508402651488038
3.165722137693207E-4      1.3462440248682124
3.2004742922253816E-4     1.3416442329898106
3.235226446757556E-4      1.337040889513599
3.269978601289731E-4      1.3324339944395782
3.307527325026578E-4      1.3281912462310164
3.3450760487634254E-4     1.323944279394087
3.382624772500272E-4      1.319693093928788
3.4201734962371194E-4     1.315437689835121
3.4577222199739664E-4     1.3111780671130853
3.495270943710814E-4      1.3069142257626811
3.532819667447661E-4      1.3026461657839083
3.5733900054093213E-4     1.2987128620633712
3.6139603433709826E-4     1.2947749340954273
3.654530681332642E-4      1.2908323818800762
3.695101019294303E-4      1.2868852054173183
3.735671357255963E-4      1.282933404707154
3.7762416952176237E-4     1.2789769797495825
3.816812033179284E-4      1.2750159305446038
3.8606471401688016E-4     1.2713632319979546
3.9044822471583204E-4     1.2677057052651872
3.948317354147837E-4      1.2640433503463013
3.992152461137356E-4      1.2603761672412974
4.0359875681268736E-4     1.2567041559501755
4.079822675116391E-4      1.2530273164729346
4.1236577821059095E-4     1.2493456488095758
4.1710203800363857E-4     1.2459487983708886
4.218382977966863E-4      1.242547069766128
4.265745575897338E-4      1.2391404629952942
4.313108173827815E-4      1.2357289780583873
4.3604707717582916E-4     1.2323126149554067
4.4078333696887683E-4     1.2288913736863532
4.4551959676192445E-4     1.225465254251226
4.5063699201148926E-4     1.2223031027950109
4.557543872610541E-4      1.2191361391520548
4.608717825106188E-4      1.2159643633223565
4.659891777601837E-4      1.2127877753059173
4.711065730097486E-4      1.2096063751027368
4.762239682593134E-4      1.2064201627128148
4.8134136350887815E-4     1.2032291381361515
4.868705648796987E-4      1.2002836944523871
4.923997662505193E-4      1.1973335900067514
4.979289676213397E-4      1.1943788247992444
5.034581689921602E-4      1.1914193988298662
5.08987370362981E-4       1.188455312098617
5.145165717338015E-4      1.1854865646054962
5.20045773104622E-4       1.1825131563505042
5.260199193857152E-4      1.1797691753781074
5.319940656668086E-4      1.1770207455730062
5.379682119479019E-4      1.1742678669351998
5.439423582289952E-4      1.1715105394646887
5.499165045100886E-4      1.1687487631614735
5.558906507911819E-4      1.1659825380255533
5.618647970722752E-4      1.1632118640569287
5.683196937914046E-4      1.1606564781235529
5.747745905105341E-4      1.1580968948940245
5.812294872296635E-4      1.1555331143683425
5.876843839487928E-4      1.1529651365465072
5.941392806679223E-4      1.1503929614285193
6.005941773870516E-4      1.1478165890143783
6.070490741061811E-4      1.1452360193040843
6.140234081271733E-4      1.142858411337967
6.209977421481657E-4      1.140476879179841
6.279720761691579E-4      1.1380914228297068
6.349464101901502E-4      1.1357020422875639
6.419207442111425E-4      1.133308737553413
6.488950782321348E-4      1.1309115086272534
6.55869412253127E-4       1.1285103555090852
6.634049836422441E-4      1.126301469864429
6.709405550313611E-4      1.1240889385885349
6.78476126420478E-4       1.1218727616814022
6.860116978095951E-4      1.1196529391430317
6.935472691987122E-4      1.1174294709734236
7.010828405878293E-4      1.1152023571725767
7.086184119769463E-4      1.1129715977404921
7.167603845279551E-4      1.1109238825254355
7.249023570789641E-4      1.108872790762193
7.330443296299728E-4      1.106818322450764
7.411863021809816E-4      1.1047604775911488
7.493282747319906E-4      1.1026992561833482
7.574702472829993E-4      1.1006346582273614
7.656122198340081E-4      1.0985666837231887
7.744093917534583E-4      1.0966738576805797
7.832065636729087E-4      1.0947779002970608
7.920037355923589E-4      1.0928788115726313
8.008009075118091E-4      1.0909765915072922
8.095980794312596E-4      1.0890712401010427
8.183952513507098E-4      1.0871627573538831
8.271924232701601E-4      1.0852511432658136
8.366975196452144E-4      1.0835079799246021
8.462026160202691E-4      1.0817618921505023
8.557077123953232E-4      1.0800128799435134
8.652128087703778E-4      1.078260943303636
8.747179051454322E-4      1.0765060822308705
8.842230015204866E-4      1.074748296725216
8.937280978955411E-4      1.0729875867866727
9.03998086697208E-4       1.0713897086108444
9.142680754988754E-4      1.0697890596859918
9.245380643005422E-4      1.0681856400121144
9.348080531022097E-4      1.0665794495892127
9.450780419038767E-4      1.0649704884172868
9.553480307055438E-4      1.0633587564963363
9.65618019507211E-4       1.0617442538263613
9.767144530229328E-4      1.060287929484059
9.878108865386548E-4      1.058828919086985
9.989073200543763E-4      1.057367222635139
0.0010100037535700982     1.0559028401285209
0.0010211001870858204     1.0544357715671313
0.0010321966206015421     1.0529660169509694
0.001043293054117264      1.0514935762800357
0.001055282437859228      1.0501755151252552
0.0010672718216011925     1.0488547669015282
0.0010792612053431563     1.0475313316088544
0.0010912505890851203     1.0462052092472343
0.0011032399728270845     1.0448763998166675
0.0011152293565690485     1.0435449033171542
0.0011272187403110125     1.0422107197486943
0.001140172931611164      1.0410278593816835
0.0011531271229113156     1.0398422077744696
0.0011660813142114668     1.0386537649270515
0.0011790355055116182     1.03746253083943
0.00119198969681177       1.0362685055116052
0.0012049438881119214     1.0350716889435765
0.0012178980794120729     1.0338720811353443
0.0012318947180928051     1.0328213666433745
0.0012458913567735379     1.031767636065082
0.0012598879954542701     1.0307108894004666
0.0012738846341350024     1.0296511266495285
0.0012878812728157351     1.0285883478122677
0.0013018779114964674     1.027522552888684
0.0013158745501771997     1.0264537418787776
0.0013309975238789001     1.0255318990253843
0.0013461204975806003     1.0246066781264496
0.0013612434712823006     1.0236780791819726
0.0013763664449840008     1.0227461021919544
0.001391489418685701      1.0218107471563942
0.0014066123923874012     1.020872014075292
0.0014217353660891015     1.0199299029486484
0.0014380753130434451     1.0191332118420506
0.0014544152599977893     1.0183326298533653
0.0014707552069521328     1.017528156982592
0.0014870951539064764     1.0167197932297314
0.0015034351008608204     1.0159075385947833
0.001519775047815164      1.0150913930777474
0.001536114994769508      1.014271356678624
0.0015537698470318487     1.0135954366302864
0.00157142469929419       1.012914952783028
0.0015890795515565305     1.012229905136848
0.0016067344038188714     1.011540293691747
0.0016243892560812124     1.0108461184477249
0.0016420441083435532     1.0101473794047815
0.001659698960605894      1.009444076562917
0.0016787745310025443     1.0088836961012797
0.0016978501013991951     1.0083179161551417
0.0017169256717958453     1.007746736724502
0.001736001242192496      1.007170157809362
0.0017550768125891465     1.006588179409721
0.0017741523829857974     1.0060008015255786
0.0017932279533824477     1.0054080241569354
0.001813838569690674      1.0049569519012183
0.0018344491859989007     1.0044994873340847
0.0018550598023071264     1.0040356304555338
0.001875670418615353      1.0035653812655665
0.0018962810349235793     1.0030887397641823
0.0019168916512318059     1.0026057059513813
0.001937502267540032      1.0021162798271634
0.001959771457701681      1.0017671921662086
0.0019820406478633303     1.0014105776678714
0.0020043098380249785     1.0010464363321514
0.0020265790281866272     1.0006747681590493
0.0020488482183482768     1.0002955731485645
0.002071117408509926      0.9999088513006974
0.0020933865986715746     0.9995146026154477
0.0021174478311470806     0.999259063295745
0.002141509063622587      0.99899474724501
0.0021655702960980926     0.9987216544632418
0.002189631528573599      0.9984397849504412
0.002213692761049105      0.9981491387066079
0.002237753993524611      0.9978497157317416
0.0022618152260001165     0.9975415160258427
0.002287812709700145      0.9973700409048277
0.0023138101934001747     0.997188461446484
0.002339807677100203      0.9969967776508111
0.002365805160800232      0.9967949895178092
0.002391802644500261      0.9965830970474785
0.0024178001282002897     0.9963611002398188
0.0024437976119003188     0.9961289990948302
0.002471887160489377      0.9960312155852191
0.002499976709078435      0.9959219708018792
0.0025280662576674926     0.9958012647448097
0.002556155806256551      0.9956690974140116
0.0025842453548456093     0.9955254688094842
0.002612334903434668      0.9953703789312278
0.002640424452023726      0.9952038277792423
0.002670774417775838      0.9951687313677214
0.0027011243835279508     0.9951208444013449
0.002731474349280062      0.9950601668801121
0.0027618243150321744     0.994986698804024
0.0027921742807842874     0.9949004401730801
0.0028225242465363997     0.9948013909872803
0.002852874212288512      0.9946895512466245
0.0028856664950919885     0.9947058499024656
0.0029184587778954664     0.9947081179466706
0.0029512510606989426     0.9946963553792394
0.0029840433435024197     0.9946705622001721
0.0030168356263058963     0.9946307384094687
0.0030496279091093734     0.9945768840071292
0.00308242019191285       0.9945089989931536
0.0031178513294714953     0.9945655210939358
0.0031532824670301414     0.9946069220658003
0.0031887136045887863     0.9946332019087463
0.0032241447421474316     0.9946443606227746
0.0032595758797060773     0.994640398207885
0.0032950070172647226     0.9946213146640771
0.003330438154823368      0.9945871099913515
0.0033687205005881603     0.994673235822495
0.0034070028463529527     0.9947433516938494
0.0034452851921177438     0.9947974576054139
0.0034835675378825366     0.9948355535571893
0.003521849883647329      0.9948576395491754
0.0035601322294121214     0.9948637155813718
0.0035984145751769138     0.9948537816537789
0.0036397775710680126     0.994959847703162
0.0036811405669591123     0.9950492540187573
0.0037225035628502103     0.9951220006005644
0.0037638665587413096     0.9951780874485839
0.003805229554632409      0.9952175145628155
0.0038465925505235077     0.995240281943259
0.003887955546414607      0.9952463895899147
0.003932647097961599      0.9953640139294418
0.003977338649508591      0.9954645857710483
0.004022030201055582      0.9955481051147338
0.004066721752602575      0.9956145719604985
0.004111413304149566      0.9956639863083426
0.004156104855696559      0.9956963481582659
0.004200796407243551      0.9957116575102684
0.004249084369385755      0.9958339461642475
0.00429737233152796       0.9959390437412146
0.004345660293670163      0.9960269502411689
0.004393948255812368      0.9960976656641116
0.004442236217954572      0.9961511900100419
0.004490524180096776      0.99618752327896
0.004538812142238982      0.9962066654708658
0.004590985924690797      0.9963282817913471
0.004643159707142613      0.9964328013100525
0.004695333489594428      0.996520224026981
0.004747507272046243      0.9965905499421338
0.00479968105449806       0.99664377905551
0.004851854836949875      0.9966799113671101
0.004904028619401691      0.9966989468769338
0.004960400921204634      0.9968160518146568
0.005016773223007578      0.9969163523060612
0.005073145524810521      0.9969998483511462
0.0051295178266134635     0.9970665399499123
0.005185890128416407      0.9971164271023594
0.005242262430219349      0.9971495098084874
0.005298634732022293      0.9971657880682966
0.005359543415679585      0.9972758800999948
0.005420452099336878      0.9973696160993518
0.00548136078299417       0.9974469960663671
0.005542269466651462      0.9975080200010411
0.005603178150308755      0.9975526879033739
0.005664086833966049      0.9975809997733652
0.005724995517623341      0.9975929556110151
0.005790805634049535      0.9976946487808993
0.005856615750475729      0.9977805468041819
0.005922425866901922      0.9978506496808626
0.005988235983328116      0.9979049574109417
0.006054046099754311      0.9979434699944192
0.006119856216180504      0.9979661874312947
0.006185666332606698      0.9979731097215686
0.006256772309028677      0.9980658865605214
0.0063278782854506565     0.9981435007254973
0.006398984261872635      0.9982059522164957
0.006470090238294614      0.9982532410335172
0.006541196214716593      0.9982853671765616
0.0066123021911385724     0.9983023306456288
0.0066834081675605506     0.9983041314407188
0.006760236171482916      0.9983880995343943
0.006837064175405283      0.9984575736372769
0.006913892179327646      0.9985125537493661
0.006990720183250012      0.9985530398706625
0.007067548187172377      0.9985790320011657
0.007144376191094742      0.9985905301408758
0.007221204195017108      0.9985875342897929
0.007304214688420168      0.9986632068164698
0.007387225181823231      0.9987250620382587
0.00747023567522629       0.9987730999551595
0.007553246168629351      0.9988073205671724
0.007636256662032413      0.9988277238742972
0.007719267155435474      0.998834309876534
0.007802277648838536      0.9988270785738828
0.007891968147917266      0.9988951924245972
0.007981658646996         0.9989501532839646
0.00807134914607473       0.9989919611519843
0.008161039645153464      0.9990206160286571
0.008250730144232195      0.9990361179139824
0.008340420643310928      0.9990384668079605
0.00843011114238966       0.9990276627105914
0.00852701919937388       0.9990890414695528
0.008623927256358103      0.9991379062775239
0.008720835313342322      0.9991742571345045
0.008817743370326543      0.9991980940404949
0.008914651427310766      0.999209416995495
0.009011559484294987      0.9992082259995048
0.00910846754127921       0.9991945210525242
0.00921317396620626       0.9992499829893059
0.009317880391133312      0.9992935380640181
0.009422586816060362      0.9993251862766604
0.009527293240987413      0.9993449276272336
0.009631999665914465      0.9993527621157371
0.009736706090841514      0.999348689742171
0.009841412515768564      0.9993327105065353
0.009954544857517912      0.9993830151902007
0.01006767719926726       0.9994219859765612
0.010180809541016606      0.9994496228656163
0.010293941882765953      0.9994659258573667
0.0104070742245153        0.9994708949518123
0.010520206566264649      0.9994645301489525
0.010633338908013995      0.9994468314487879
0.010755575215467028      0.9994926549282198
0.010877811522920066      0.9995276840097274
0.011000047830373099      0.99955191869331
0.011122284137826134      0.9995653589789683
0.01124452044527917       0.9995680048667019
0.011366756752732205      0.999559856356511
0.011488993060185242      0.9995409134483954
0.011621065946052458      0.9995828417790215
0.011753138831919677      0.9996144839273445
0.011885211717786892      0.9996358398933644
0.01201728460365411       0.9996469096770816
0.01214935748952133       0.9996476932784956
0.012281430375388544      0.9996381906976066
0.012413503261255763      0.9996184019344148
0.01255620429292753       0.9996569349120163
0.012698905324599302      0.9996856614762498
0.012841606356271065      0.9997045816271143
0.012984307387942833      0.9997136953646109
0.013127008419614604      0.9997130026887389
0.01326970945128637       0.9997025035994982
0.013412410482958137      0.9996821980968893
0.01356659492669521       0.9997177577277186
0.013720779370432284      0.9997439652590486
0.013874963814169356      0.9997608206908785
0.014029148257906429      0.999768324023209
0.014183332701643504      0.9997664752560402
0.014337517145380575      0.9997552743893714
0.01449170158911765       0.9997347214232032
0.014658293536015351      0.9997676619113863
0.014824885482913054      0.9997916820534656
0.01499147742981075       0.9998067818494404
0.015158069376708454      0.9998129612993113
0.015324661323606157      0.9998102204030781
0.015491253270503857      0.9997985591607409
0.01565784521740156       0.9997779775722995
0.015837843121849642      0.9998085951476119
0.01601784102629773       0.9998307042640149
0.016197838930745806      0.9998443049215079
0.016377836835193893      0.9998493971200917
0.01655783473964198       0.999845980859766
0.016737832644090064      0.9998340561405304
0.016917830548538147      0.9998136229623856
0.01711231321237061       0.9998421647936755
0.017306795876203082      0.9998625926570683
0.017501278540035543      0.9998749065525635
0.01769576120386801       0.9998791064801618
0.017890243867700474      0.9998751924398628
0.01808472653153294       0.9998631644316666
0.01827920919536541       0.9998430224555731
0.01848934223356576       0.999869694393224
0.018699475271766113      0.9998886317179724
0.018909608309966457      0.9998998344298173
0.01911974134816681       0.9999033025287596
0.019329874386367164      0.999899036014799
0.01954000742456751       0.9998870348879352
0.01975014046276786       0.9998672991481685
0.019977183289481434      0.9998922722845031
0.02020422611619501       0.9999098771075253
0.02043126894290858       0.9999201136172343
0.020658311769622156      0.999922981813631
0.020885354596335736      0.9999184816967152
0.02111239742304931       0.9999066132664864
0.021339440249762885      0.999887376522945
0.02158475362648636       0.9999107926669144
0.02183006700320984       0.999927195677496
0.022075380379933313      0.999936585554689
0.022320693756656792      0.9999389622984941
0.02256600713338027       0.9999343259089111
0.022811320510103743      0.9999226763859399
0.023056633886827223      0.9999040137295805
0.02332168807801465       0.9999259899295526
0.023586742269202078      0.9999412988805552
0.023851796460389502      0.9999499405825873
0.02411685065157693       0.9999519150356504
0.02438190484276436       0.9999472222397435
0.02464695903395179       0.9999358621948665
0.024912013225139217      0.9999178349010199
0.02519839681010455       0.9999384671542698
0.0254847803950699        0.9999527704890611
0.02577116398003523       0.999960744905393
0.02605754756500057       0.9999623904032665
0.026343931149965912      0.9999577069826812
0.02663031473493125       0.999946694643637
0.026916698319896588      0.9999293533861338
0.027226127713826084      0.9999487196649597
0.027535557107755584      0.9999620894845433
0.027844986501685078      0.9999694628448843
0.028154415895614578      0.9999708397459829
0.02846384528954408       0.9999662201878394
0.028773274683473574      0.9999556041704534
0.029082704077403074      0.9999389916938249
0.02941703381854087       0.9999571544025622
0.029751363559678674      0.9999696488819666
0.03008569330081646       0.9999764751320374
0.03042002304195426       0.9999776331527752
0.030754352783092062      0.9999731229441798
0.03108868252422986       0.9999629445062512
0.03142301226536766       0.9999470978389895
0.03178424613002996       0.9999641058040406
0.03214547999469227       0.9999757711529476
0.03250671385935457       0.9999820938857094
0.03286794772401688       0.9999830740023269
0.03322918158867919       0.9999787115027999
0.033590415453341495      0.999969006387128
0.033951649318003804      0.9999539586553119
0.0343419523300385        0.9999698487532529
0.03473225534207321       0.9999807208144004
0.035122558354107894      0.9999865748387538
0.035512861366142595      0.9999874108263134
0.0359031643781773        0.9999832287770791
0.036293467390212         0.999974028691051
0.0366837704022467        0.999959810568229
0.03710548180891609       0.9999746089959596
0.03752719321558548       0.9999847145008031
0.03794890462225487       0.9999901270827587
0.038370616028924255      0.999990846741827
0.03879232743559365       0.9999868734780083
0.039214038842263044      0.9999782072913019
0.039635750248932435      0.999964848181708
0.040091397540988845      0.9999785722637898
0.040547044833045276      0.9999879294161462
0.04100269212510168       0.9999929196387765
0.0414583394171581        0.9999935429316815
0.041913986709214514      0.9999897992948611
0.04236963400127094       0.9999816887283149
0.04282528129332735       0.9999692112320433
0.04331759535330986       0.9999819187137946
0.04380990941329239       0.9999905495364715
0.044302223473274886      0.9999951037000732
0.044794537533257406      0.9999955812046005
0.045286851593239925      0.999991982050053
0.04577916565322243       0.9999843062364309
0.04627147971320495       0.9999725537637341
0.04680341118274709       0.9999852408326345
0.047335342652289246      0.9999934908599181
0.04786727412183139       0.999997303845584
0.04839920559137354       0.9999966797896334
0.048931137060915696      0.9999916186920658
0.04946306853045784       0.9999821205528809
0.049995                  0.999968185372079
