0                         1
5.9523809523811414E-8     1.012246927769854
1.1904761904762283E-7     1.0247349125808638
1.7857142857143255E-7     1.0374639544330286
2.380952380952448E-7      1.0504340533263494
2.976190476190554E-7      1.063645209260826
3.5714285714286594E-7     1.077097422236458
4.166666666666765E-7      1.0907906922532455
4.761904761904854E-7      1.1064116237355872
5.35714285714296E-7       1.1224309586094219
5.95238095238104E-7       1.1388486968747489
6.547619047619137E-7      1.1556648385315693
7.142857142857226E-7      1.1728793835798823
7.738095238095323E-7      1.1904923320196883
8.33333333333342E-7       1.208503683850987
8.928571428571509E-7      1.228203879060713
9.523809523809615E-7      1.2484665932079964
1.0119047619047695E-6     1.2692918262928374
1.07142857142858E-6       1.290679578315236
1.1309523809523898E-6     1.3126298492751922
1.1904761904761978E-6     1.3351426391727061
1.2500000000000075E-6     1.3582179480077774
1.3095238095238164E-6     1.3853334008154539
1.369047619047627E-6      1.4119372199428666
1.428571428571435E-6      1.4380294053900142
1.4880952380952447E-6     1.4636099571568981
1.5476190476190544E-6     1.488678875243518
1.6071428571428641E-6     1.5132361596498733
1.6666666666666739E-6     1.5372818103759647
1.7261904761904827E-6     1.5804375782682336
1.7857142857142933E-6     1.6230346148976216
1.8452380952381005E-6     1.665072920264127
1.9047619047619102E-6     1.7065524943677512
1.96428571428572E-6       1.7474733372084943
2.0238095238095296E-6     1.7878354487863557
2.0833333333333394E-6     1.8276388291013357
2.1428571428571482E-6     1.8683289532973302
2.2023809523809596E-6     1.9108478122270396
2.261904761904767E-6      1.955195405890463
2.3214285714285765E-6     2.001371734287601
2.3809523809523863E-6     2.0493767974184545
2.440476190476195E-6      2.099210595283022
2.500000000000005E-6      2.150873127881304
2.5595238095238146E-6     2.1780464201502676
2.619047619047625E-6      2.2075261403806987
2.6785714285714323E-6     2.239312288572596
2.738095238095243E-6      2.273404864725961
2.7976190476190535E-6     2.3098038688407927
2.8571428571428623E-6     2.3485093009170916
2.916666666666671E-6      2.3895211609548572
2.97619047619048E-6       2.4196379902528617
3.0357142857142907E-6     2.450505763304228
3.095238095238098E-6      2.482124480108955
3.1547619047619084E-6     2.514494140667045
3.214285714285719E-6      2.547614744978497
3.273809523809528E-6      2.58148629304331
3.3333333333333367E-6     2.616108784861484
3.3928571428571456E-6     2.6526598904018006
3.452380952380958E-6      2.6892123207028282
3.511904761904765E-6      2.725766075764566
3.571428571428574E-6      2.762321155587015
3.6309523809523845E-6     2.798877560170175
3.6904761904761933E-6     2.8354352895140456
3.7500000000000022E-6     2.871994343618627
3.809523809523811E-6      2.9148899644833537
3.869047619047622E-6      2.957758312913138
3.9285714285714305E-6     3.000599388907978
3.988095238095238E-6      3.043413192467876
4.047619047619048E-6      3.086199723592831
4.107142857142859E-6      3.1289589822828425
4.166666666666668E-6      3.1716909685379115
4.226190476190477E-6      3.220779797819999
4.285714285714289E-6      3.2699276247707982
4.345238095238096E-6      3.3191344493903094
4.404761904761903E-6      3.368400271678533
4.4642857142857155E-6     3.41772509163547
4.523809523809523E-6      3.467108909261118
4.583333333333333E-6      3.516551724555479
4.642857142857142E-6      3.5688847788765585
4.702380952380954E-6      3.621636817103358
4.76190476190476E-6       3.6748078392358754
4.82142857142857E-6       3.7283978452741136
4.880952380952381E-6      3.7824068352180706
4.94047619047619E-6       3.836834809067747
5.0E-6                    3.891681766823143
5.053193146954417E-6      3.937596782531538
5.1063862939088385E-6     3.9840649730498243
5.159579440863253E-6      4.031086338378
5.2127725878176715E-6     4.078660878516066
5.265965734772091E-6      4.126788593464024
5.3191588817265095E-6     4.17546948322187
5.372352028680928E-6      4.224703547789607
5.429825725105551E-6      4.267926707983476
5.4872994215301785E-6     4.311901210561594
5.5447731179548E-6        4.356627055523959
5.602246814379424E-6      4.402104242870575
5.659720510804049E-6      4.4483327726014394
5.717194207228673E-6      4.495312644716552
5.774667903653296E-6      4.5430438592159135
5.836766613164766E-6      4.57834273350213
5.8988653226762395E-6     4.614653907091317
5.960964032187708E-6      4.651977379983473
6.023062741699181E-6      4.690313152178598
6.085161451210653E-6      4.729661223676693
6.147260160722123E-6      4.7700215944777575
6.209358870233594E-6      4.811394264581791
6.276454776062198E-6      4.838214538471684
6.343550681890807E-6      4.865971225039643
6.4106465877194086E-6     4.8946643242856664
6.477742493548014E-6      4.924293836209757
6.544838399376618E-6      4.954859760811913
6.611934305205225E-6      4.986362098092136
6.679030211033827E-6      5.0188008480504225
6.7515254466743295E-6     5.038530406537931
6.824020682314834E-6      5.058905793574527
6.896515917955334E-6      5.07992700916021
6.969011153595838E-6      5.10159405329498
7.041506389236341E-6      5.123906925978838
7.114001624876844E-6      5.146865627211782
7.186496860517347E-6      5.170470156993813
7.264825919880464E-6      5.183997215829138
7.3431549792435835E-6     5.19788194279095
7.421484038606697E-6      5.212124337879249
7.499813097969815E-6      5.226724401094037
7.578142157332933E-6      5.2416821324353124
7.656471216696047E-6      5.256997531903076
7.734800276059163E-6      5.272670599497328
7.819432617569534E-6      5.2792142659172585
7.904064959079908E-6      5.285946893337927
7.988697300590277E-6      5.292868481759332
8.073329642100651E-6      5.299979031181478
8.157961983611024E-6      5.3072785416043615
8.242594325121396E-6      5.314767013027983
8.327226666631768E-6      5.3224444454523425
8.41866952688937E-6       5.3193271435372695
8.510112387146976E-6      5.316351766406798
8.601555247404578E-6      5.313518314060923
8.692998107662181E-6      5.310826786499651
8.784440967919783E-6      5.3082771837229785
8.875883828177387E-6      5.3058695057309055
8.96732668843499E-6       5.303603752523432
9.06612812229612E-6       5.286103937923565
9.164929556157258E-6      5.268804908423823
9.263730990018388E-6      5.2517066640242005
9.362532423879522E-6      5.2348092047247015
9.461333857740657E-6      5.2181125305253255
9.560135291601788E-6      5.201616641426072
9.65893672546292E-6       5.1853215374269395
9.76568889075669E-6       5.150276469105415
9.872441056050465E-6      5.11560053711445
9.97919322134423E-6       5.081293741454045
1.0085945386638007E-5     5.047356082124202
1.0192697551931776E-5     5.01378755912492
1.0299449717225549E-5     4.980588172456198
1.0406201882519321E-5     4.947757922118037
1.0521544589087084E-5     4.900867787213361
1.063688729565485E-5      4.854505492301787
1.075223000222261E-5      4.808671037383312
1.0867572708790376E-5     4.763364422457938
1.0982915415358143E-5     4.718585647525665
1.1098258121925902E-5     4.674334712586492
1.1213600828493668E-5     4.630611617640418
1.1338225372851526E-5     4.581251131954964
1.1462849917209387E-5     4.532446547196828
1.1587474461567241E-5     4.484197863366007
1.1712099005925099E-5     4.4365050804625055
1.183672355028296E-5      4.389368198486323
1.1961348094640817E-5     4.342787217437456
1.2085972638998678E-5     4.296762137315907
1.2220625947546169E-5     4.249936938259351
1.2355279256093663E-5     4.203617227486144
1.2489932564641151E-5     4.157803004996284
1.2624585873188649E-5     4.112494270789773
1.275923918173614E-5      4.067691024866611
1.2893892490283634E-5     4.023393267226796
1.3028545798831128E-5     3.9796009978703295
1.3174034904500247E-5     3.936866557011567
1.3319524010169373E-5     3.8945660990118562
1.3465013115838492E-5     3.8526996238711972
1.3610502221507615E-5     3.811267131589591
1.3755991327176737E-5     3.7702686221670367
1.3901480432845863E-5     3.7297040956035343
1.4046969538514986E-5     3.689573551899084
1.420416641764306E-5      3.6511622826309345
1.436136329677114E-5      3.613114405592331
1.4518560175899211E-5     3.575429920783272
1.4675757055027292E-5     3.538108828203759
1.483295393415537E-5      3.5011511278537917
1.4990150813283447E-5     3.4645568197333696
1.5147347692411521E-5     3.428325903842493
1.5317194490866848E-5     3.3940291602633788
1.5487041289322184E-5     3.360032620550742
1.565688808777751E-5      3.32633628470458
1.582673488623284E-5      3.2929401527248943
1.5996581684688173E-5     3.2598442246116845
1.61664284831435E-5       3.2270485003649507
1.633627528159883E-5      3.1945529799846937
1.6519789961439716E-5     3.1640180360505625
1.6703304641280605E-5     3.133728800139144
1.688681932112149E-5      3.103685272250436
1.7070334000962373E-5     3.0738874523844406
1.725384868080326E-5      3.0443353405411573
1.7437363360644144E-5     3.0150289367205865
1.762087804048503E-5      2.985968240922727
1.7819160481034965E-5     2.958806465549188
1.801744292158491E-5      2.9318442368319673
1.8215725362134843E-5     2.9050815547710624
1.8414007802684785E-5     2.8785184193664746
1.8612290243234727E-5     2.8521548306182045
1.881057268378467E-5      2.82599078852625
1.9008855124334605E-5     2.8000262930906135
1.9223093714210124E-5     2.77585766161192
1.943733230408565E-5      2.751849891763793
1.965157089396117E-5      2.72800298354623
1.9865809483836692E-5     2.704316936959232
2.0080048073712214E-5     2.6807917520027993
2.0294286663587734E-5     2.6574274286769315
2.050852525346326E-5      2.634223966981629
2.074000401307598E-5      2.6126966301679593
2.0971482772688708E-5     2.591297944535683
2.1202961532301423E-5     2.5700279100847987
2.1434440291914146E-5     2.5488865268153083
2.166591905152687E-5      2.5278737947272107
2.1897397811139594E-5     2.5069897138205057
2.2128876570752316E-5     2.486234284095194
2.237898284798063E-5      2.467032621287782
2.262908912520895E-5      2.4479328531429183
2.2879195402437258E-5     2.4289349796606037
2.3129301679665574E-5     2.4100390008408383
2.337940795689389E-5      2.3912449166836223
2.3629514234122207E-5     2.372552727188955
2.3879620511350523E-5     2.3539624323568367
2.4149853296478437E-5     2.336808827139384
2.4420086081606358E-5     2.319734853829915
2.4690318866734262E-5     2.3027405124284264
2.496055165186218E-5      2.2858258029349208
2.52307844369901E-5       2.2689907253493966
2.550101722211801E-5      2.2522352796718543
2.5771250007245928E-5     2.2355594659022944
2.606322891704381E-5      2.2202123114656347
2.6355207826841698E-5     2.204926186957313
2.6647186736639566E-5     2.1897010923773284
2.6939165646437455E-5     2.1745370277256817
2.7231144556235337E-5     2.1594339930023723
2.7523123466033225E-5     2.144391988207401
2.7815102375831107E-5     2.129411013340767
2.8130577360580054E-5     2.115660611920484
2.8446052345329014E-5     2.101955632406941
2.8761527330077955E-5     2.088296074800136
2.9077002314826915E-5     2.0746819391000715
2.9392477299575876E-5     2.061113225306746
2.970795228432483E-5      2.0475899334201593
3.0023427269073783E-5     2.034112063440312
3.0364289100741325E-5     2.021775744911321
3.070515093240886E-5      2.009471734271548
3.10460127640764E-5       1.9972000315209921
3.138687459574394E-5      1.984960636659654
3.172773642741148E-5      1.9727535496875332
3.206859825907901E-5      1.9605787706046296
3.240946009074655E-5      1.9484362994109439
3.277775169516499E-5      1.9373537447851017
3.314604329958344E-5      1.9262925144902787
3.3514334904001874E-5     1.9152526085264734
3.3882626508420316E-5     1.9042340268936873
3.4250918112838765E-5     1.89323676959192
3.46192097172572E-5       1.882260836621171
3.498750132167565E-5      1.8713062279814405
3.538543002264817E-5      1.861335576497477
3.57833587236207E-5       1.8513771247763326
3.618128742459322E-5      1.8414308728180064
3.6579216125565744E-5     1.8314968206224984
3.697714482653827E-5      1.82157496818981
3.7375073527510795E-5     1.8116653155199394
3.7773002228483314E-5     1.8017678626128872
3.820295297717443E-5      1.7927827913454224
3.863290372586557E-5      1.7838024333411617
3.9062854474556676E-5     1.774826788600105
3.949280522324781E-5      1.7658558571222525
3.9922755971938926E-5     1.7568896389076043
4.035270672063005E-5      1.7479281339561599
4.078265746932117E-5      1.7389713422679198
4.124720713826662E-5      1.7308590221113982
4.1711756807212074E-5     1.7227453676531188
4.217630647615751E-5      1.7146303788930815
4.2640856145102964E-5     1.7065140558312861
4.3105405814048416E-5     1.6983963984677335
4.356995548299387E-5      1.6902774068024224
4.4034505151939313E-5     1.6821570808353536
4.453643797930392E-5      1.6748167681547697
4.503837080666855E-5      1.6674703214162667
4.554030363403316E-5      1.6601177406198437
4.604223646139778E-5      1.6527590257655023
4.65441692887624E-5       1.6453941768532416
4.704610211612702E-5      1.6380231938830612
4.754803494349163E-5      1.630646076854962
4.809035922015413E-5      1.6239880792373613
4.8632683496816644E-5     1.61732021041585
4.917500777347913E-5      1.6106424703904267
4.971733205014164E-5      1.6039548591610928
5.0259656326804145E-5     1.5972573767278482
5.080198060346665E-5      1.590550023090692
5.1344304880129154E-5     1.5838327982496248
5.193027097962231E-5      1.57777760861303
5.2516237079115484E-5     1.5717096981440752
5.3102203178608636E-5     1.565629066842759
5.368816927810181E-5      1.5595357147090827
5.427413537759497E-5      1.5534296417430462
5.486010147708813E-5      1.5473108479446487
5.544606757658129E-5      1.5411793333138908
5.607918743591676E-5      1.5356568084410813
5.6712307295252234E-5     1.5301194412342631
5.734542715458768E-5      1.5245672316934356
5.797854701392317E-5      1.5190001798186
5.8611666873258646E-5     1.5134182856097553
5.9244786732594094E-5     1.5078215490669016
5.987790659192957E-5      1.5022099701900393
6.056197476009214E-5      1.4971585019324134
6.124604292825472E-5      1.492090658375811
6.193011109641729E-5      1.4870064395202311
6.261417926457986E-5      1.4819058453656746
6.329824743274244E-5      1.4767888759121415
6.398231560090501E-5      1.4716555311596313
6.466638376906758E-5      1.466505811108144
6.540550014930995E-5      1.4618714859047277
6.614461652955231E-5      1.4572197228040287
6.688373290979465E-5      1.4525505218060455
6.762284929003703E-5      1.44786388291078
6.836196567027938E-5      1.4431598061182307
6.910108205052175E-5      1.438438291428398
6.984019843076411E-5      1.433699338841282
7.063879285303229E-5      1.429435104094895
7.143738727530049E-5      1.4251527418742105
7.223598169756866E-5      1.420852252179227
7.303457611983685E-5      1.4165336350099462
7.383317054210504E-5      1.412196890366367
7.463176496437323E-5      1.4078420182484896
7.543035938664142E-5      1.4034690186563146
7.629321815736161E-5      1.3995338802075852
7.715607692808183E-5      1.3955802191608944
7.8018935698802E-5        1.3916080355162403
7.888179446952221E-5      1.3876173292736254
7.974465324024242E-5      1.383608100433048
8.060751201096261E-5      1.3795803489945087
8.147037078168281E-5      1.375534074958007
8.240266537008516E-5      1.3718923463782124
8.333495995848754E-5      1.3682319320094787
8.426725454688986E-5      1.3645528318518048
8.519954913529223E-5      1.3608550459051916
8.613184372369461E-5      1.357138574169639
8.706413831209696E-5      1.353403416645146
8.799643290049932E-5      1.3496495733317142
8.900375093336954E-5      1.3462701908311665
9.001106896623977E-5      1.3428721419614562
9.101838699910998E-5      1.3394554267225818
9.202570503198021E-5      1.3360200451145448
9.303302306485045E-5      1.3325659971373447
9.404034109772065E-5      1.3290932827909807
9.504765913059087E-5      1.325601902075454
9.613603788122022E-5      1.322457811783214
9.722441663184957E-5      1.319295218395112
9.831279538247892E-5      1.3161141219111478
9.940117413310826E-5      1.3129145223313217
1.0048955288373762E-4     1.3096964196556333
1.0157793163436699E-4     1.3064598138840828
1.0266631038499633E-4     1.3032047050166702
1.0384227295706017E-4     1.3002723236669198
1.0501823552912401E-4     1.297321715888393
1.0619419810118782E-4     1.294352881681088
1.0737016067325165E-4     1.2913658210450065
1.085461232453155E-4      1.288360533980148
1.0972208581737933E-4     1.2853370204865124
1.1089804838944318E-4     1.2822952805640997
1.1216864281265943E-4     1.2795540265880947
1.134392372358757E-4      1.2767949122183346
1.1470983165909194E-4     1.2740179374548186
1.1598042608230821E-4     1.2712231022975482
1.1725102050552449E-4     1.2684104067465225
1.1852161492874075E-4     1.2655798508017413
1.1979220935195702E-4     1.2627314344632052
1.2116505082383636E-4     1.2601633239886343
1.2253789229571573E-4     1.2575777894457805
1.2391073376759502E-4     1.2549748308346431
1.2528357523947437E-4     1.2523544481552227
1.2665641671135374E-4     1.2497166414075191
1.2802925818323308E-4     1.2470614105915323
1.2940209965511243E-4     1.2443887557072626
1.3088541618198803E-4     1.2419780566852088
1.3236873270886367E-4     1.2395504249217655
1.3385204923573924E-4     1.2371058604169312
1.3533536576261482E-4     1.2346443631707078
1.3681868228949045E-4     1.2321659331830939
1.3830199881636608E-4     1.2296705704540898
1.3978531534324166E-4     1.227158274983696
1.4138799705410912E-4     1.2248912122520734
1.4299067876497658E-4     1.2226077507141297
1.44593360475844E-4       1.2203078903698645
1.4619604218671148E-4     1.2179916312192787
1.477987238975789E-4      1.2156589732623715
1.494014056084464E-4      1.2133099164991428
1.5100408731931383E-4     1.2109444609295932
1.5273573974805142E-4     1.208808965188739
1.5446739217678905E-4     1.2066576370080504
1.561990446055266E-4      1.2044904763875264
1.579306970342642E-4      1.202307483327168
1.596623494630018E-4      1.2001086578269753
1.6139400189173938E-4     1.1978939998869476
1.6312565432047697E-4     1.1956635095070849
1.6499665597577613E-4     1.193649003701594
1.6686765763107531E-4     1.1916192557829572
1.6873865928637445E-4     1.1895742657511736
1.7060966094167363E-4     1.1875140336062444
1.7248066259697284E-4     1.1854385593481689
1.74351664252272E-4       1.183347842976947
1.7622266590757118E-4     1.1812418844925792
1.782442304756321E-4      1.1793391018034647
1.8026579504369303E-4     1.1774216841437666
1.822873596117539E-4      1.1754896315134844
1.8430892417981481E-4     1.1735429439126188
1.8633048874787576E-4     1.1715816213411692
1.8835205331593666E-4     1.1696056637991354
1.9037361788399755E-4     1.1676150712865183
1.9255786143678515E-4     1.16581589972791
1.9474210498957284E-4     1.1640027110644522
1.969263485423604E-4      1.1621755052961447
1.99110592095148E-4       1.1603342824229876
2.0129483564793562E-4     1.1584790424449813
2.0347907920072324E-4     1.1566097853621256
2.0566332275351085E-4     1.1547265111744198
2.0802333636537663E-4     1.153023860580934
2.1038334997724247E-4     1.1513078162340022
2.1274336358910825E-4     1.1495783781336237
2.1510337720097403E-4     1.1478355462797993
2.1746339081283981E-4     1.1460793206725288
2.1982340442470562E-4     1.1443097013118122
2.2218341803657143E-4     1.142526688197649
2.2473334624448075E-4     1.140914376121837
2.2728327445239018E-4     1.139289294606935
2.2983320266029944E-4     1.1376514436529424
2.3238313086820878E-4     1.1360008232598593
2.3493305907611818E-4     1.1343374334276866
2.374829872840275E-4      1.1326612741564233
2.4003291549193687E-4     1.1309723454460694
2.4278804106951754E-4     1.129444999110605
2.4554316664709833E-4     1.1279055046983488
2.48298292224679E-4       1.1263538622093001
2.5105341780225975E-4     1.12479007164346
2.538085433798405E-4      1.1232141330008278
2.565636689574212E-4      1.1216260462814038
2.59318794535002E-4       1.1200258114851878
2.622956300885234E-4      1.1185787834098297
2.652724656420448E-4      1.1171202222647083
2.682493011955662E-4      1.115650128049823
2.712261367490876E-4      1.1141685007651745
2.74202972302609E-4       1.1126753404107628
2.771798078561304E-4      1.1111706469865872
2.801566434096518E-4      1.1096544204926482
2.833730303449088E-4      1.108283715718317
2.8658941728016584E-4     1.1069020835305863
2.898058042154228E-4      1.105509523929456
2.930221911506798E-4      1.1041060369149258
2.9623857808593686E-4     1.1026916224869965
2.994549650211939E-4      1.1012662806456675
3.026713519564509E-4      1.0998300113909385
3.061465674096684E-4      1.098532224355299
3.0962178286288584E-4     1.097224103499903
3.1309699831610325E-4     1.09590564882475
3.165722137693207E-4      1.0945768603298405
3.2004742922253816E-4     1.093237738015174
3.235226446757556E-4      1.091888281880751
3.269978601289731E-4      1.0905284919265708
3.307527325026578E-4      1.0893007510481145
3.3450760487634254E-4     1.0880632553051277
3.382624772500272E-4      1.0868160046976096
3.4201734962371194E-4     1.0855589992255614
3.4577222199739664E-4     1.0842922388889826
3.495270943710814E-4      1.0830157236878728
3.532819667447661E-4      1.0817294536222324
3.5733900054093213E-4     1.0805693715962892
3.6139603433709826E-4     1.0794000964232067
3.654530681332642E-4      1.0782216281029844
3.695101019294303E-4      1.0770339666356228
3.735671357255963E-4      1.0758371120211219
3.7762416952176237E-4     1.0746310642594816
3.816812033179284E-4      1.0734158233507016
3.8606471401688016E-4     1.0723214511379087
3.9044822471583204E-4     1.0712184274784344
3.948317354147837E-4      1.070106752372278
3.992152461137356E-4      1.0689864258194404
4.0359875681268736E-4     1.067857447819921
4.079822675116391E-4      1.0667198183737199
4.1236577821059095E-4     1.0655735374808373
4.1710203800363857E-4     1.0645433200402603
4.218382977966863E-4      1.0635049697432783
4.265745575897338E-4      1.062458486589891
4.313108173827815E-4      1.0614038705800986
4.3604707717582916E-4     1.0603411217139012
4.4078333696887683E-4     1.0592702399912983
4.4551959676192445E-4     1.0581912254122905
4.5063699201148926E-4     1.0572239574064162
4.557543872610541E-4      1.0562490485125116
4.608717825106188E-4      1.0552664987305769
4.659891777601837E-4      1.054276308060612
4.711065730097486E-4      1.0532784765026169
4.762239682593134E-4      1.0522730040565915
4.8134136350887815E-4     1.051259890722536
4.868705648796987E-4      1.0503546706420066
4.923997662505193E-4      1.0494422710111155
4.979289676213397E-4      1.0485226918298622
5.034581689921602E-4      1.0475959330982476
5.08987370362981E-4       1.0466619948162712
5.145165717338015E-4      1.0457208769839328
5.20045773104622E-4       1.0447725796012326
5.260199193857152E-4      1.0439287609307253
5.319940656668086E-4      1.0430781888447223
5.379682119479019E-4      1.042220863343223
5.439423582289952E-4      1.0413567844262286
5.499165045100886E-4      1.0404859520937382
5.558906507911819E-4      1.0396083663457516
5.618647970722752E-4      1.0387240271822697
5.683196937914046E-4      1.037941165293065
5.747745905105341E-4      1.037151935721838
5.812294872296635E-4      1.036356338468588
5.876843839487928E-4      1.0355543735333166
5.941392806679223E-4      1.0347460409160223
6.005941773870516E-4      1.0339313406167059
6.070490741061811E-4      1.033110272635367
6.140234081271733E-4      1.0323880660780989
6.209977421481657E-4      1.0316598312949337
6.279720761691579E-4      1.030925568285871
6.349464101901502E-4      1.0301852770509112
6.419207442111425E-4      1.0294389575900542
6.488950782321348E-4      1.0286866099033
6.55869412253127E-4       1.0279282339906484
6.634049836422441E-4      1.0272664589207847
6.709405550313611E-4      1.026598942247291
6.78476126420478E-4       1.0259256839701663
6.860116978095951E-4      1.0252466840894114
6.935472691987122E-4      1.024561942605026
7.010828405878293E-4      1.0238714595170104
7.086184119769463E-4      1.023175234825364
7.167603845279551E-4      1.0225736716315021
7.249023570789641E-4      1.0219665934843984
7.330443296299728E-4      1.0213540003840524
7.411863021809816E-4      1.020735892330465
7.493282747319906E-4      1.0201122693236357
7.574702472829993E-4      1.0194831313635642
7.656122198340081E-4      1.0188484784502507
7.744093917534583E-4      1.0183068304336433
7.832065636729087E-4      1.0177598266787302
7.920037355923589E-4      1.0172074671855111
8.008009075118091E-4      1.0166497519539865
8.095980794312596E-4      1.0160866809841562
8.183952513507098E-4      1.01551825427602
8.271924232701601E-4      1.0149444718295781
8.366975196452144E-4      1.0144622770274405
8.462026160202691E-4      1.0139748109229865
8.557077123953232E-4      1.0134820735162153
8.652128087703778E-4      1.0129840648071278
8.747179051454322E-4      1.0124807847957236
8.842230015204866E-4      1.0119722334820027
8.937280978955411E-4      1.0114584108659654
9.03998086697208E-4       1.0110349496821358
9.142680754988754E-4      1.0106062202610462
9.245380643005422E-4      1.0101722226026957
9.348080531022097E-4      1.009732956707085
9.450780419038767E-4      1.0092884225742138
9.553480307055438E-4      1.0088386202040818
9.65618019507211E-4       1.0083835495966895
9.767144530229328E-4      1.0080177525456446
9.878108865386548E-4      1.007646603885137
9.989073200543763E-4      1.0072701036151657
0.0010100037535700982     1.0068882517357318
0.0010211001870858204     1.0065010482468348
0.0010321966206015421     1.0061084931484747
0.001043293054117264      1.0057105864406515
0.001055282437859228      1.0054009477369608
0.0010672718216011925     1.0050857849169477
0.0010792612053431563     1.0047650979806113
0.0010912505890851203     1.0044388869279526
0.0011032399728270845     1.0041071517589715
0.0011152293565690485     1.0037698924736675
0.0011272187403110125     1.0034271090720406
0.001140172931611164      1.0031716127666637
0.0011531271229113156     1.0029103311999428
0.0011660813142114668     1.002643264371877
0.0011790355055116182     1.002370412282467
0.00119198969681177       1.0020917749317129
0.0012049438881119214     1.001807352319614
0.0012178980794120729     1.0015171444461706
0.0012318947180928051     1.001313210194299
0.0012458913567735379     1.001103145313262
0.0012598879954542701     1.0008869498030588
0.0012738846341350024     1.0006646236636902
0.0012878812728157351     1.000436166895156
0.0013018779114964674     1.000201579497456
0.0013158745501771997     0.9999608614705904
0.0013309975238789001     0.9998053168222955
0.0013461204975806003     0.9996432208494088
0.0013612434712823006     0.9994745735519294
0.0013763664449840008     0.9992993749298581
0.001391489418685701      0.9991176249831947
0.0014066123923874012     0.998929323711939
0.0014217353660891015     0.9987344711160911
0.0014380753130434451     0.9986235565433793
0.0014544152599977893     0.9985056083394591
0.0014707552069521328     0.9983806265043299
0.0014870951539064764     0.9982486110379923
0.0015034351008608204     0.9981095619404459
0.001519775047815164      0.9979634792116908
0.001536114994769508      0.9978103628517271
0.0015537698470318487     0.997739774577409
0.00157142469929419       0.9976616273339125
0.0015890795515565305     0.997575921121237
0.0016067344038188714     0.9974826559393832
0.0016243892560812124     0.9973818317883507
0.0016420441083435532     0.9972734486681396
0.001659698960605894      0.9971575065787498
0.0016787745310025443     0.9971224804057329
0.0016978501013991951     0.9970793499444777
0.0017169256717958453     0.9970281151949839
0.001736001242192496      0.996968776157252
0.0017550768125891465     0.9969013328312817
0.0017741523829857974     0.9968257852170732
0.0017932279533824477     0.9967421333146264
0.001813838569690674      0.9967375695610807
0.0018344491859989007     0.9967243627294657
0.0018550598023071264     0.9967025128197811
0.001875670418615353      0.9966720198320272
0.0018962810349235793     0.9966328837662041
0.0019168916512318059     0.9965851046223113
0.001937502267540032      0.9965286824003492
0.001959771457701681      0.9965493072896143
0.0019820406478633303     0.9965607850370375
0.0020043098380249785     0.996563115642618
0.0020265790281866272     0.9965562991063566
0.0020488482183482768     0.9965403354282532
0.002071117408509926      0.9965152246083073
0.0020933865986715746     0.9964809666465192
0.0021174478311470806     0.9965215192830145
0.002141509063622587      0.9965524828151414
0.0021655702960980926     0.9965738572428993
0.002189631528573599      0.9965856425662888
0.002213692761049105      0.9965878387853098
0.002237753993524611      0.996580445899962
0.0022618152260001165     0.9965634639102456
0.002287812709700145      0.9966188915869132
0.0023138101934001747     0.9966643739333783
0.002339807677100203      0.99669991094964
0.002365805160800232      0.9967255026356994
0.002391802644500261      0.9967411489915561
0.0024178001282002897     0.9967468500172096
0.0024437976119003188     0.9967426057126605
0.002471887160489377      0.996808246037795
0.002499976709078435      0.9968636877379913
0.0025280662576674926     0.9969089308132483
0.002556155806256551      0.9969439752635667
0.0025842453548456093     0.9969688210889466
0.002612334903434668      0.9969834682893873
0.002640424452023726      0.9969879168648895
0.002670774417775838      0.9970596455057443
0.0027011243835279508     0.9971210341744329
0.002731474349280062      0.9971720828709548
0.0027618243150321744     0.9972127915953107
0.0027921742807842874     0.9972431603475002
0.0028225242465363997     0.9972631891275232
0.002852874212288512      0.9972728779353798
0.0028856664950919885     0.997347206789329
0.0029184587778954664     0.9974111668646555
0.0029512510606989426     0.9974647581613587
0.0029840433435024197     0.9975079806794394
0.0030168356263058963     0.9975408344188972
0.0030496279091093734     0.9975633193797319
0.00308242019191285       0.997575435561944
0.0031178513294714953     0.9976495564405182
0.0031532824670301414     0.9977133856698173
0.0031887136045887863     0.9977669232498405
0.0032241447421474316     0.9978101691805884
0.0032595758797060773     0.9978431234620607
0.0032950070172647226     0.9978657860942575
0.003330438154823368      0.9978781570771789
0.0033687205005881603     0.9979499365215366
0.0034070028463529527     0.9980115956405858
0.0034452851921177438     0.998063134434326
0.0034835675378825366     0.9981045529027579
0.003521849883647329      0.9981358510458808
0.0035601322294121214     0.9981570288636952
0.0035984145751769138     0.9981680863562008
0.0036397775710680126     0.9982360234267421
0.0036811405669591123     0.9982940908179905
0.0037225035628502103     0.9983422885299451
0.0037638665587413096     0.9983806165626066
0.003805229554632409      0.9984090749159749
0.0038465925505235077     0.9984276635900496
0.003887955546414607      0.9984363825848315
0.003932647097961599      0.9984995413837126
0.003977338649508591      0.9985531438471988
0.004022030201055582      0.9985971899752896
0.004066721752602575      0.9986316797679855
0.004111413304149566      0.9986566132252863
0.004156104855696559      0.9986719903471918
0.004200796407243551      0.9986778111337022
0.004249084369385755      0.9987357358041823
0.00429737233152796       0.9987844626762679
0.004345660293670163      0.9988239917499583
0.004393948255812368      0.9988543230252543
0.004442236217954572      0.9988754565021558
0.004490524180096776      0.9988873921806622
0.004538812142238982      0.9988901300607743
0.004590985924690797      0.9989427470559366
0.004643159707142613      0.9989865525179782
0.004695333489594428      0.9990215464468983
0.004747507272046243      0.9990477288426979
0.00479968105449806       0.9990650997053765
0.004851854836949875      0.9990736590349342
0.004904028619401691      0.9990734068313707
0.004960400921204634      0.999120920457537
0.005016773223007578      0.9991600204352266
0.005073145524810521      0.9991907067644389
0.0051295178266134635     0.9992129794451744
0.005185890128416407      0.9992268384774332
0.005242262430219349      0.999232283861215
0.005298634732022293      0.9992293155965197
0.005359543415679585      0.9992721064456078
0.005420452099336878      0.99930687983753
0.00548136078299417       0.9993336357722856
0.005542269466651462      0.9993523742498756
0.005603178150308755      0.9993630952702995
0.005664086833966049      0.9993657988335571
0.005724995517623341      0.9993604849396489
0.005790805634049535      0.9993990222246454
0.005856615750475729      0.9994299269766019
0.005922425866901922      0.9994531991955181
0.005988235983328116      0.9994688388813943
0.006054046099754311      0.9994768460342306
0.006119856216180504      0.9994772206540267
0.006185666332606698      0.9994699627407826
0.006256772309028677      0.9995047382639678
0.0063278782854506565     0.9995322491453382
0.006398984261872635      0.9995524953848938
0.006470090238294614      0.9995654769826346
0.006541196214716593      0.9995711939385608
0.0066123021911385724     0.999569646252672
0.0066834081675605506     0.9995608339249685
0.006760236171482916      0.9995923193242761
0.006837064175405283      0.9996168883192573
0.006913892179327646      0.9996345409099116
0.006990720183250012      0.9996452770962394
0.007067548187172377      0.9996490968782409
0.007144376191094742      0.9996460002559158
0.007221204195017108      0.9996359872292641
0.007304214688420168      0.9996646109730054
0.007387225181823231      0.9996866464560469
0.00747023567522629       0.9997020936783881
0.007553246168629351      0.9997109526400293
0.007636256662032413      0.9997132233409707
0.007719267155435474      0.9997089057812119
0.007802277648838536      0.999697999960753
0.007891968147917266      0.9997241383148768
0.007981658646996         0.9997439973063754
0.00807134914607473       0.999757576935248
0.008161039645153464      0.9997648772014954
0.008250730144232195      0.9997658981051172
0.008340420643310928      0.9997606396461135
0.00843011114238966       0.9997491018244844
0.00852701919937388       0.9997730782897807
0.008623927256358103      0.9997910665283463
0.008720835313342322      0.9998030665401804
0.008817743370326543      0.9998090783252838
0.008914651427310766      0.9998091018836562
0.009011559484294987      0.9998031372152975
0.00910846754127921       0.999791184320208
0.00921317396620626       0.9998132734515217
0.009317880391133312      0.9998296494409106
0.009422586816060362      0.9998403122883738
0.009527293240987413      0.9998452619939124
0.009631999665914465      0.9998444985575258
0.009736706090841514      0.999838021979214
0.009841412515768564      0.9998258322589773
0.009954544857517912      0.9998462652811939
0.01006767719926726       0.9998612459124278
0.010180809541016606      0.9998707741526777
0.010293941882765953      0.9998748500019448
0.0104070742245153        0.9998734734602283
0.010520206566264649      0.9998666445275285
0.010633338908013995      0.9998543632038455
0.010755575215467028      0.9998733339851777
0.010877811522920066      0.9998871004126795
0.011000047830373099      0.9998956624863496
0.011122284137826134      0.999899020206189
0.01124452044527917       0.9998971735721975
0.011366756752732205      0.9998901225843749
0.011488993060185242      0.9998778672427215
0.011621065946052458      0.9998955379196728
0.011753138831919677      0.9999082410526968
0.011885211717786892      0.9999159766417932
0.01201728460365411       0.9999187446869625
0.01214935748952133       0.9999165451882046
0.012281430375388544      0.9999093781455192
0.012413503261255763      0.9998972435589066
0.01255620429292753       0.9999137495249458
0.012698905324599302      0.9999255148805632
0.012841606356271065      0.9999325396257582
0.012984307387942833      0.9999348237605314
0.013127008419614604      0.9999323672848824
0.01326970945128637       0.9999251701988114
0.013412410482958137      0.9999132325023183
0.01356659492669521       0.99992868668855
0.013720779370432284      0.9999396185501405
0.013874963814169356      0.9999460280870892
0.014029148257906429      0.9999479152993969
0.014183332701643504      0.9999452801870632
0.014337517145380575      0.999938122750088
0.01449170158911765       0.9999264429884714
0.014658293536015351      0.9999409394658559
0.014824885482913054      0.999951124382583
0.01499147742981075       0.9999569977386524
0.015158069376708454      0.9999585595340644
0.015324661323606157      0.9999558097688189
0.015491253270503857      0.9999487484429158
0.01565784521740156       0.9999373755563551
0.015837843121849642      0.9999509925295117
0.01601784102629773       0.9999605022279499
0.016197838930745806      0.9999659046516688
0.016377836835193893      0.9999671998006693
0.01655783473964198       0.9999643876749509
0.016737832644090064      0.9999574682745138
0.016917830548538147      0.999946441599358
0.01711231321237061       0.9999592438726131
0.017306795876203082      0.9999681376601071
0.017501278540035543      0.9999731229618392
0.01769576120386801       0.9999741997778103
0.017890243867700474      0.99997136810802
0.01808472653153294       0.9999646279524682
0.01827920919536541       0.9999539793111552
0.01848934223356576       0.999966020304771
0.018699475271766113      0.9999743470405651
0.018909608309966457      0.9999789595185364
0.01911974134816681       0.9999798577386864
0.019329874386367164      0.9999770417010142
0.01954000742456751       0.9999705114055198
0.01975014046276786       0.9999602668522036
0.019977183289481434      0.9999715902377545
0.02020422611619501       0.9999793899392923
0.02043126894290858       0.9999836659568164
0.020658311769622156      0.9999844182903275
0.020885354596335736      0.9999816469398255
0.02111239742304931       0.9999753519053101
0.021339440249762885      0.9999655331867815
0.02158475362648636       0.9999761741987077
0.02183006700320984       0.9999834793394099
0.022075380379933313      0.9999874486088874
0.022320693756656792      0.9999880820071411
0.02256600713338027       0.9999853795341707
0.022811320510103743      0.999979341189976
0.023056633886827223      0.9999699669745569
0.02332168807801465       0.9999799534495074
0.023586742269202078      0.9999867899967219
0.023851796460389502      0.9999904766161999
0.02411685065157693       0.9999910133079418
0.02438190484276436       0.9999884000719476
0.02464695903395179       0.999982636908217
0.024912013225139217      0.9999737238167503
0.02519839681010455       0.9999830770299121
0.0254847803950699        0.9999894652789281
0.02577116398003523       0.9999928885637974
0.02605754756500057       0.9999933468845211
0.026343931149965912      0.9999908402410986
0.02663031473493125       0.99998536863353
0.026916698319896588      0.9999769320618155
0.027226127713826084      0.9999856674774442
0.027535557107755584      0.9999916227664936
0.027844986501685078      0.9999947979289626
0.028154415895614578      0.9999951929648525
0.02846384528954408       0.9999928078741624
0.028773274683473574      0.9999876426568927
0.029082704077403074      0.9999796973130434
0.02941703381854087       0.9999878254214661
0.029751363559678674      0.9999933588501566
0.03008569330081646       0.9999962975991147
0.03042002304195426       0.9999966416683407
0.030754352783092062      0.9999943910578345
0.03108868252422986       0.9999895457675958
0.03142301226536766       0.9999821057976249
0.03178424613002996       0.9999896332235865
0.03214547999469227       0.9999947525098991
0.03250671385935457       0.9999974636565622
0.03286794772401688       0.9999977666635764
0.03322918158867919       0.9999956615309417
0.033590415453341495      0.9999911482586575
0.033951649318003804      0.9999842268467245
0.0343419523300385        0.9999911578518229
0.03473225534207321       0.9999958684230085
0.035122558354107894      0.9999983585602804
0.035512861366142595      0.9999986282636397
0.0359031643781773        0.9999966775330857
0.036293467390212         0.9999925063686185
0.0366837704022467        0.9999861147702381
0.03710548180891609       0.9999924532557091
0.03752719321558548       0.9999967596229313
0.03794890462225487       0.9999990338719039
0.038370616028924255      0.9999992760026282
0.03879232743559365       0.999997486015103
0.039214038842263044      0.9999936639093289
0.039635750248932435      0.9999878096853059
0.040091397540988845      0.9999935629936187
0.040547044833045276      0.9999974709437497
0.04100269212510168       0.9999995335356978
0.0414583394171581        0.9999997507694641
0.041913986709214514      0.9999981226450481
0.04236963400127094       0.9999946491624497
0.04282528129332735       0.999989330321669
0.04331759535330986       0.9999945272397698
0.04380990941329239       0.9999980525389293
0.044302223473274886      0.9999999062191471
0.044794537533257406      1.0000000882804239
0.045286851593239925      0.9999985987227592
0.04577916565322243       0.9999954375461532
0.04627147971320495       0.9999906047506057
0.04680341118274709       0.9999954195467315
0.047335342652289246      0.9999986473689907
0.04786727412183139       1.0000002882173826
0.04839920559137354       1.0000003420919077
0.048931137060915696      0.999998808992566
0.04946306853045784       0.9999956889193574
0.049995                  0.9999909818722816